Region,Codigo region,Comuna,Codigo comuna,Poblacion,202007,202008,202009,202010,202011,202012,202013,202014,202015,202016,202017,202018,202019,202020,202021,202022,202023,202024,202025,202026,202027,202028,202029,202030,202031,202032,202033,202034,202035,202036,202037,202038,202039,202040,202041,202042,202043,202044,202045,202046,202047,202048,202049,202050,202051,202052,202053,202101,202102,202103,202104,202105,202106,202107,202108,202109,202110,202111,202112,202113,202114,202115,202116,202117,202118,202119,202120,202121,202122,202123,202124,202125,202126,202127,202128,202129,202130,202131,202132,202133,202134,202135,202136,202137,202138,202139,202140,202141,202142,202143,202144,202145,202146,202147,202148,202149,202150,202151,202152,202201,202202,202203,202204,202205
Arica y Parinacota,15,Arica,15101,247552.0,0,0.0,0.0,0.0,0.0,0.0,1.0,0.0,1.0,0.0,0.0,0.0,0.0,1.0,1.0,7.0,15.0,10.0,9.0,10.0,27.0,53.0,39.0,30.0,23.0,20.0,10.0,9.0,10.0,5.0,7.0,3.0,1.0,10.0,2.0,1.0,7.0,2.0,4.0,2.0,4.0,3.0,2.0,0.0,2.0,0.0,5.0,5.0,3.0,17.0,76.0,94.0,106.0,103.0,89.0,61.0,90.0,333.0,145.0,216.0,117.0,111.0,118.0,105.0,111.0,105.0,102.0,93.0,103.0,100.0,115.0,112.0,86.0,55.0,28.0,16.0,19.0,10.0,6.0,6.0,4.0,12.0,20.0,27.0,31.0,24.0,16.0,22.0,19.0,11.0,31.0,21.0,15.0,1.0,0.0,1.0,0.0,0.0,1.0,0.0,0.0,0.0,0.0,0.0
Arica y Parinacota,15,Camarones,15102,1233.0,0,0.0,0.0,0.0,0.0,0.0,0.0,0.0,0.0,0.0,0.0,0.0,0.0,0.0,0.0,0.0,0.0,0.0,0.0,0.0,0.0,0.0,0.0,0.0,0.0,0.0,0.0,0.0,0.0,0.0,0.0,0.0,0.0,0.0,0.0,0.0,0.0,0.0,0.0,0.0,0.0,0.0,0.0,0.0,0.0,0.0,0.0,0.0,0.0,0.0,0.0,0.0,0.0,0.0,0.0,3.0,0.0,0.0,1.0,0.0,1.0,2.0,0.0,0.0,0.0,0.0,0.0,0.0,0.0,0.0,0.0,0.0,0.0,0.0,0.0,0.0,0.0,0.0,0.0,0.0,0.0,0.0,0.0,0.0,0.0,0.0,0.0,0.0,0.0,0.0,0.0,0.0,0.0,0.0,0.0,0.0,0.0,0.0,0.0,0.0,0.0,0.0,0.0,0.0
Arica y Parinacota,15,General Lagos,15202,810.0,0,0.0,0.0,0.0,0.0,0.0,0.0,0.0,0.0,0.0,0.0,0.0,0.0,0.0,0.0,0.0,0.0,0.0,0.0,0.0,0.0,0.0,0.0,0.0,0.0,0.0,0.0,0.0,0.0,0.0,0.0,0.0,0.0,0.0,0.0,0.0,0.0,0.0,0.0,0.0,0.0,0.0,0.0,0.0,0.0,0.0,0.0,0.0,0.0,0.0,0.0,0.0,0.0,0.0,0.0,0.0,0.0,0.0,0.0,0.0,0.0,0.0,0.0,0.0,0.0,0.0,0.0,0.0,0.0,0.0,0.0,0.0,0.0,0.0,0.0,0.0,0.0,0.0,0.0,0.0,0.0,0.0,0.0,0.0,0.0,0.0,0.0,0.0,0.0,0.0,0.0,0.0,0.0,0.0,0.0,0.0,0.0,0.0,0.0,0.0,0.0,0.0,0.0,0.0
Arica y Parinacota,15,Putre,15201,2515.0,0,0.0,0.0,0.0,0.0,0.0,0.0,0.0,0.0,0.0,0.0,0.0,0.0,0.0,0.0,0.0,0.0,0.0,0.0,0.0,1.0,1.0,0.0,1.0,0.0,0.0,0.0,0.0,0.0,0.0,0.0,0.0,0.0,0.0,0.0,0.0,0.0,0.0,0.0,0.0,0.0,0.0,0.0,0.0,0.0,0.0,0.0,0.0,0.0,0.0,0.0,0.0,0.0,0.0,0.0,1.0,1.0,1.0,1.0,1.0,2.0,0.0,0.0,0.0,0.0,0.0,0.0,0.0,0.0,1.0,1.0,0.0,1.0,1.0,0.0,0.0,0.0,0.0,0.0,0.0,0.0,0.0,0.0,0.0,0.0,0.0,0.0,0.0,0.0,0.0,0.0,0.0,1.0,0.0,0.0,0.0,0.0,0.0,0.0,0.0,0.0,0.0,0.0,0.0
Arica y Parinacota,15,Desconocido Arica y Parinacota,,,0,0.0,0.0,0.0,0.0,0.0,0.0,0.0,0.0,0.0,0.0,0.0,0.0,0.0,0.0,0.0,0.0,0.0,0.0,0.0,0.0,0.0,0.0,0.0,0.0,0.0,0.0,0.0,0.0,0.0,0.0,0.0,0.0,0.0,0.0,0.0,0.0,0.0,0.0,0.0,0.0,0.0,0.0,0.0,0.0,0.0,0.0,0.0,0.0,0.0,0.0,0.0,0.0,0.0,0.0,0.0,0.0,0.0,0.0,0.0,0.0,0.0,0.0,0.0,0.0,0.0,0.0,0.0,0.0,0.0,0.0,0.0,0.0,0.0,0.0,0.0,0.0,0.0,0.0,0.0,0.0,0.0,0.0,0.0,0.0,0.0,0.0,0.0,0.0,0.0,0.0,0.0,0.0,0.0,0.0,0.0,0.0,0.0,0.0,0.0,0.0,0.0,0.0,0.0
Arica y Parinacota,15,Total,,252110.0,0.0,0.0,0.0,0.0,0.0,0.0,1.0,0.0,1.0,0.0,0.0,0.0,0.0,1.0,1.0,7.0,15.0,10.0,9.0,10.0,28.0,54.0,39.0,31.0,23.0,20.0,10.0,9.0,10.0,5.0,7.0,3.0,1.0,10.0,2.0,1.0,7.0,2.0,4.0,2.0,4.0,3.0,2.0,0.0,2.0,0.0,5.0,5.0,3.0,17.0,76.0,94.0,106.0,103.0,89.0,65.0,91.0,334.0,147.0,217.0,120.0,113.0,118.0,105.0,111.0,105.0,102.0,93.0,103.0,101.0,116.0,112.0,87.0,56.0,28.0,16.0,19.0,10.0,6.0,6.0,4.0,12.0,20.0,27.0,31.0,24.0,16.0,22.0,19.0,11.0,31.0,21.0,16.0,1.0,0.0,1.0,0.0,0.0,1.0,0.0,0.0,0.0,0.0,0.0
,,,,,,,,,,,,,,,,,,,,,,,,,,,,,,,,,,,,,,,,,,,,,,,,,,,,,,,,,,,,,,,,,,,,,,,,,,,,,,,,,,,,,,,,,,,,,,,,,,,,,,,,,,,,
Tarapaca,01,Alto Hospicio,01107,129999.0,0,0.0,0.0,0.0,0.0,0.0,0.0,0.0,0.0,0.0,0.0,0.0,2.0,0.0,3.0,7.0,14.0,12.0,16.0,22.0,7.0,17.0,7.0,25.0,30.0,36.0,45.0,45.0,49.0,58.0,44.0,30.0,40.0,35.0,19.0,37.0,30.0,16.0,19.0,24.0,16.0,21.0,28.0,50.0,45.0,62.0,101.0,127.0,102.0,88.0,100.0,96.0,77.0,66.0,69.0,53.0,65.0,47.0,99.0,85.0,100.0,130.0,130.0,116.0,116.0,100.0,73.0,63.0,68.0,51.0,75.0,52.0,38.0,41.0,30.0,28.0,28.0,32.0,41.0,33.0,17.0,20.0,25.0,18.0,12.0,17.0,23.0,22.0,19.0,38.0,38.0,38.0,18.0,0.0,0.0,0.0,0.0,0.0,0.0,0.0,0.0,0.0,1.0,0.0
Tarapaca,01,Camina,01402,1375.0,0,0.0,0.0,0.0,0.0,0.0,0.0,0.0,0.0,0.0,0.0,0.0,0.0,0.0,0.0,2.0,1.0,0.0,0.0,0.0,0.0,0.0,2.0,1.0,0.0,1.0,7.0,1.0,0.0,0.0,1.0,0.0,0.0,0.0,1.0,0.0,0.0,1.0,0.0,1.0,0.0,0.0,2.0,0.0,0.0,0.0,0.0,4.0,2.0,0.0,0.0,1.0,0.0,0.0,1.0,3.0,0.0,1.0,1.0,0.0,0.0,0.0,2.0,1.0,2.0,2.0,1.0,3.0,1.0,0.0,0.0,0.0,0.0,0.0,0.0,0.0,0.0,0.0,0.0,1.0,0.0,2.0,0.0,0.0,0.0,0.0,0.0,0.0,0.0,0.0,0.0,0.0,0.0,0.0,0.0,0.0,0.0,0.0,0.0,0.0,0.0,0.0,0.0,0.0
Tarapaca,01,Colchane,01403,1583.0,0,0.0,0.0,0.0,0.0,0.0,0.0,0.0,0.0,0.0,0.0,0.0,0.0,0.0,0.0,0.0,0.0,0.0,0.0,0.0,2.0,0.0,0.0,0.0,1.0,1.0,0.0,0.0,0.0,0.0,0.0,0.0,0.0,0.0,0.0,0.0,0.0,0.0,0.0,0.0,0.0,0.0,0.0,0.0,0.0,0.0,0.0,1.0,0.0,0.0,1.0,1.0,0.0,0.0,0.0,1.0,0.0,0.0,0.0,0.0,0.0,0.0,1.0,0.0,0.0,0.0,0.0,0.0,0.0,0.0,0.0,0.0,0.0,0.0,0.0,0.0,0.0,0.0,0.0,0.0,0.0,3.0,0.0,9.0,0.0,0.0,1.0,2.0,0.0,1.0,2.0,2.0,2.0,0.0,0.0,0.0,0.0,0.0,0.0,0.0,0.0,0.0,0.0,0.0
Tarapaca,01,Huara,01404,3000.0,0,0.0,0.0,0.0,0.0,0.0,0.0,0.0,0.0,0.0,0.0,0.0,0.0,0.0,0.0,1.0,4.0,2.0,3.0,2.0,4.0,13.0,0.0,0.0,0.0,0.0,1.0,1.0,2.0,0.0,0.0,0.0,0.0,0.0,0.0,0.0,1.0,0.0,1.0,0.0,0.0,0.0,0.0,0.0,1.0,0.0,0.0,0.0,5.0,4.0,0.0,1.0,3.0,4.0,1.0,0.0,0.0,3.0,0.0,0.0,5.0,0.0,0.0,0.0,0.0,0.0,1.0,1.0,5.0,2.0,2.0,0.0,1.0,1.0,0.0,0.0,0.0,0.0,1.0,0.0,0.0,0.0,1.0,0.0,0.0,1.0,0.0,1.0,1.0,1.0,1.0,0.0,0.0,0.0,0.0,0.0,0.0,0.0,0.0,0.0,0.0,0.0,0.0,0.0
Tarapaca,01,Iquique,01101,223463.0,0,0.0,0.0,0.0,0.0,0.0,0.0,0.0,0.0,0.0,0.0,0.0,1.0,1.0,1.0,6.0,3.0,18.0,9.0,9.0,8.0,5.0,6.0,27.0,53.0,68.0,66.0,83.0,79.0,58.0,71.0,67.0,45.0,60.0,53.0,55.0,60.0,50.0,42.0,44.0,43.0,61.0,52.0,64.0,136.0,112.0,174.0,220.0,195.0,210.0,221.0,150.0,115.0,169.0,111.0,112.0,131.0,112.0,139.0,124.0,178.0,141.0,160.0,113.0,124.0,113.0,128.0,90.0,84.0,118.0,105.0,68.0,64.0,53.0,40.0,28.0,32.0,29.0,35.0,36.0,26.0,20.0,17.0,27.0,27.0,39.0,47.0,46.0,43.0,38.0,66.0,66.0,7.0,0.0,0.0,0.0,0.0,0.0,1.0,0.0,0.0,1.0,2.0,0.0
Tarapaca,01,Pica,01405,5958.0,0,0.0,0.0,0.0,0.0,0.0,0.0,0.0,0.0,0.0,0.0,0.0,0.0,0.0,0.0,0.0,0.0,0.0,0.0,0.0,0.0,1.0,0.0,0.0,12.0,9.0,18.0,8.0,11.0,3.0,3.0,2.0,2.0,4.0,1.0,0.0,0.0,0.0,7.0,3.0,0.0,1.0,0.0,2.0,2.0,0.0,0.0,16.0,10.0,15.0,8.0,3.0,1.0,2.0,1.0,1.0,4.0,5.0,1.0,5.0,0.0,1.0,2.0,2.0,0.0,3.0,7.0,5.0,5.0,1.0,2.0,6.0,0.0,1.0,2.0,2.0,0.0,2.0,3.0,0.0,0.0,0.0,0.0,0.0,0.0,1.0,0.0,4.0,1.0,0.0,1.0,0.0,3.0,0.0,0.0,0.0,0.0,0.0,0.0,0.0,0.0,0.0,0.0,0.0
Tarapaca,01,Pozo Almonte,01401,17395.0,0,0.0,0.0,0.0,0.0,0.0,0.0,0.0,0.0,0.0,0.0,0.0,0.0,0.0,0.0,0.0,1.0,12.0,4.0,3.0,1.0,1.0,0.0,0.0,1.0,1.0,0.0,3.0,0.0,2.0,2.0,0.0,1.0,1.0,6.0,0.0,2.0,3.0,4.0,8.0,2.0,0.0,0.0,1.0,4.0,6.0,10.0,13.0,10.0,13.0,11.0,4.0,5.0,6.0,6.0,12.0,2.0,1.0,5.0,2.0,11.0,6.0,7.0,12.0,3.0,6.0,4.0,5.0,9.0,29.0,13.0,6.0,2.0,4.0,3.0,2.0,0.0,6.0,6.0,7.0,1.0,4.0,6.0,4.0,0.0,1.0,1.0,5.0,0.0,2.0,2.0,7.0,2.0,0.0,0.0,0.0,0.0,0.0,0.0,0.0,0.0,0.0,0.0,0.0
Tarapaca,01,Desconocido Tarapaca,,,0,0.0,0.0,0.0,0.0,0.0,0.0,0.0,0.0,0.0,0.0,0.0,0.0,0.0,0.0,0.0,0.0,0.0,0.0,0.0,0.0,0.0,0.0,0.0,0.0,0.0,0.0,0.0,0.0,0.0,0.0,0.0,0.0,0.0,0.0,0.0,0.0,0.0,0.0,0.0,0.0,0.0,0.0,0.0,0.0,0.0,0.0,0.0,0.0,0.0,0.0,0.0,0.0,0.0,0.0,0.0,0.0,0.0,0.0,0.0,0.0,7.0,11.0,3.0,1.0,0.0,0.0,0.0,0.0,0.0,0.0,0.0,0.0,0.0,0.0,0.0,0.0,0.0,0.0,0.0,0.0,0.0,0.0,0.0,0.0,0.0,0.0,0.0,0.0,0.0,0.0,0.0,0.0,0.0,0.0,0.0,0.0,0.0,0.0,0.0,0.0,0.0,0.0,0.0
Tarapaca,01,Total,,382773.0,0.0,0.0,0.0,0.0,0.0,0.0,0.0,0.0,0.0,0.0,0.0,0.0,3.0,1.0,4.0,16.0,23.0,44.0,32.0,36.0,22.0,37.0,15.0,53.0,97.0,116.0,137.0,141.0,141.0,121.0,121.0,99.0,88.0,100.0,80.0,92.0,93.0,70.0,73.0,80.0,61.0,83.0,82.0,117.0,188.0,180.0,285.0,381.0,324.0,330.0,341.0,256.0,201.0,247.0,189.0,182.0,202.0,169.0,245.0,216.0,294.0,285.0,313.0,247.0,246.0,224.0,214.0,167.0,172.0,201.0,197.0,132.0,105.0,100.0,75.0,60.0,60.0,69.0,86.0,77.0,44.0,49.0,49.0,58.0,39.0,59.0,72.0,80.0,64.0,80.0,110.0,113.0,32.0,0.0,0.0,0.0,0.0,0.0,1.0,0.0,0.0,1.0,3.0,0.0
,,,,,,,,,,,,,,,,,,,,,,,,,,,,,,,,,,,,,,,,,,,,,,,,,,,,,,,,,,,,,,,,,,,,,,,,,,,,,,,,,,,,,,,,,,,,,,,,,,,,,,,,,,,,
Antofagasta,02,Antofagasta,02101,425725.0,0,0.0,0.0,0.0,0.0,0.0,0.0,0.0,0.0,0.0,0.0,1.0,2.0,2.0,1.0,4.0,16.0,12.0,25.0,25.0,40.0,41.0,16.0,16.0,44.0,78.0,62.0,51.0,40.0,39.0,28.0,19.0,16.0,24.0,33.0,43.0,33.0,16.0,33.0,23.0,9.0,9.0,12.0,17.0,30.0,32.0,39.0,70.0,165.0,196.0,166.0,189.0,172.0,120.0,154.0,153.0,178.0,191.0,169.0,165.0,199.0,163.0,151.0,91.0,92.0,78.0,88.0,102.0,116.0,123.0,148.0,106.0,105.0,73.0,39.0,29.0,35.0,23.0,18.0,20.0,8.0,27.0,11.0,11.0,22.0,25.0,13.0,25.0,35.0,38.0,54.0,43.0,15.0,0.0,0.0,0.0,1.0,1.0,0.0,1.0,0.0,0.0,0.0,0.0
Antofagasta,02,Calama,02201,190336.0,0,0.0,0.0,0.0,0.0,0.0,0.0,0.0,0.0,0.0,0.0,1.0,2.0,2.0,1.0,3.0,24.0,46.0,66.0,44.0,37.0,17.0,5.0,6.0,13.0,13.0,29.0,19.0,7.0,2.0,6.0,3.0,5.0,7.0,2.0,0.0,6.0,7.0,2.0,2.0,2.0,3.0,6.0,0.0,3.0,2.0,1.0,6.0,5.0,7.0,24.0,25.0,28.0,23.0,26.0,34.0,30.0,35.0,37.0,32.0,56.0,48.0,43.0,36.0,23.0,37.0,32.0,34.0,45.0,30.0,18.0,34.0,24.0,15.0,7.0,8.0,9.0,6.0,5.0,6.0,5.0,4.0,8.0,3.0,5.0,11.0,5.0,8.0,10.0,8.0,11.0,14.0,8.0,2.0,0.0,0.0,2.0,1.0,1.0,3.0,3.0,2.0,0.0,0.0
Antofagasta,02,Maria Elena,02302,6814.0,0,0.0,0.0,0.0,0.0,0.0,0.0,0.0,0.0,0.0,0.0,0.0,0.0,0.0,0.0,0.0,1.0,0.0,2.0,0.0,0.0,0.0,0.0,0.0,0.0,0.0,0.0,0.0,0.0,0.0,0.0,0.0,0.0,0.0,0.0,0.0,0.0,0.0,1.0,0.0,0.0,0.0,0.0,0.0,0.0,0.0,0.0,0.0,0.0,0.0,0.0,3.0,1.0,0.0,1.0,0.0,0.0,1.0,0.0,0.0,0.0,1.0,4.0,1.0,0.0,1.0,0.0,0.0,0.0,0.0,4.0,0.0,2.0,1.0,0.0,0.0,0.0,0.0,0.0,0.0,0.0,0.0,0.0,0.0,1.0,0.0,1.0,0.0,0.0,1.0,2.0,0.0,2.0,0.0,0.0,0.0,0.0,0.0,0.0,0.0,0.0,0.0,0.0,0.0
Antofagasta,02,Mejillones,02102,14776.0,0,0.0,0.0,0.0,0.0,0.0,0.0,0.0,0.0,0.0,0.0,0.0,0.0,0.0,0.0,0.0,0.0,0.0,1.0,0.0,0.0,0.0,0.0,0.0,0.0,0.0,1.0,0.0,1.0,0.0,0.0,1.0,0.0,0.0,0.0,0.0,0.0,0.0,0.0,0.0,0.0,0.0,0.0,0.0,0.0,0.0,0.0,1.0,3.0,1.0,2.0,3.0,3.0,2.0,1.0,6.0,4.0,1.0,1.0,2.0,1.0,6.0,1.0,1.0,0.0,3.0,4.0,3.0,4.0,0.0,0.0,0.0,0.0,1.0,0.0,3.0,2.0,0.0,0.0,0.0,1.0,0.0,1.0,1.0,0.0,0.0,0.0,0.0,0.0,0.0,0.0,0.0,0.0,0.0,0.0,0.0,0.0,0.0,0.0,0.0,0.0,0.0,0.0,0.0
Antofagasta,02,Ollague,02202,287.0,0,0.0,0.0,0.0,0.0,0.0,0.0,0.0,0.0,0.0,0.0,0.0,0.0,0.0,0.0,0.0,0.0,0.0,0.0,0.0,0.0,0.0,0.0,0.0,0.0,0.0,0.0,0.0,0.0,0.0,0.0,0.0,0.0,0.0,0.0,0.0,0.0,0.0,0.0,0.0,0.0,0.0,0.0,0.0,0.0,0.0,0.0,0.0,0.0,0.0,0.0,0.0,0.0,0.0,0.0,0.0,0.0,0.0,0.0,0.0,0.0,0.0,0.0,0.0,0.0,0.0,0.0,0.0,0.0,0.0,0.0,0.0,1.0,0.0,0.0,0.0,0.0,0.0,0.0,1.0,0.0,0.0,0.0,0.0,0.0,0.0,0.0,0.0,0.0,0.0,0.0,0.0,0.0,0.0,0.0,0.0,0.0,0.0,0.0,0.0,0.0,0.0,0.0,0.0
Antofagasta,02,San Pedro de Atacama,02203,10434.0,0,0.0,0.0,0.0,0.0,0.0,0.0,0.0,0.0,0.0,0.0,0.0,0.0,0.0,0.0,0.0,3.0,3.0,3.0,0.0,0.0,1.0,1.0,0.0,0.0,0.0,1.0,0.0,0.0,0.0,0.0,0.0,0.0,0.0,0.0,0.0,0.0,0.0,0.0,0.0,0.0,0.0,0.0,0.0,0.0,0.0,0.0,0.0,0.0,1.0,0.0,0.0,0.0,0.0,0.0,0.0,0.0,1.0,0.0,0.0,0.0,1.0,0.0,0.0,1.0,1.0,1.0,0.0,1.0,2.0,0.0,1.0,0.0,5.0,4.0,3.0,3.0,4.0,0.0,1.0,0.0,4.0,3.0,2.0,0.0,0.0,0.0,1.0,0.0,1.0,1.0,2.0,1.0,0.0,0.0,0.0,0.0,0.0,0.0,0.0,0.0,0.0,0.0,0.0
Antofagasta,02,Sierra Gorda,02103,1746.0,0,0.0,0.0,0.0,0.0,0.0,0.0,0.0,0.0,0.0,0.0,0.0,0.0,0.0,0.0,0.0,0.0,0.0,0.0,0.0,0.0,0.0,0.0,0.0,0.0,0.0,0.0,0.0,0.0,0.0,0.0,0.0,0.0,0.0,0.0,0.0,0.0,0.0,0.0,0.0,0.0,0.0,0.0,0.0,0.0,0.0,0.0,0.0,0.0,0.0,0.0,0.0,0.0,0.0,0.0,1.0,0.0,0.0,0.0,0.0,0.0,0.0,0.0,1.0,0.0,0.0,0.0,0.0,0.0,0.0,0.0,0.0,0.0,0.0,0.0,0.0,0.0,0.0,0.0,0.0,0.0,0.0,0.0,0.0,0.0,0.0,0.0,0.0,0.0,0.0,0.0,0.0,0.0,0.0,0.0,0.0,0.0,0.0,0.0,0.0,0.0,0.0,0.0,0.0
Antofagasta,02,Taltal,02104,13657.0,0,0.0,0.0,0.0,0.0,0.0,0.0,0.0,0.0,0.0,0.0,0.0,0.0,0.0,0.0,0.0,1.0,0.0,3.0,1.0,1.0,1.0,2.0,0.0,0.0,0.0,0.0,0.0,0.0,0.0,0.0,1.0,0.0,0.0,0.0,0.0,0.0,0.0,0.0,0.0,0.0,0.0,0.0,0.0,0.0,0.0,0.0,0.0,0.0,1.0,0.0,0.0,1.0,1.0,2.0,3.0,4.0,2.0,2.0,2.0,4.0,4.0,2.0,2.0,4.0,0.0,0.0,1.0,1.0,2.0,0.0,4.0,9.0,5.0,0.0,1.0,0.0,0.0,0.0,0.0,0.0,0.0,0.0,0.0,0.0,0.0,0.0,0.0,1.0,0.0,0.0,1.0,1.0,0.0,0.0,0.0,0.0,0.0,0.0,0.0,0.0,0.0,0.0,0.0
Antofagasta,02,Tocopilla,02301,28079.0,0,0.0,0.0,0.0,0.0,0.0,0.0,0.0,0.0,0.0,0.0,0.0,0.0,0.0,0.0,1.0,0.0,10.0,13.0,4.0,10.0,6.0,3.0,0.0,0.0,0.0,0.0,0.0,0.0,0.0,0.0,0.0,1.0,0.0,0.0,0.0,1.0,0.0,0.0,0.0,0.0,0.0,1.0,0.0,0.0,0.0,1.0,0.0,0.0,0.0,2.0,3.0,4.0,4.0,3.0,4.0,1.0,2.0,2.0,4.0,0.0,1.0,1.0,1.0,6.0,1.0,2.0,4.0,2.0,1.0,2.0,2.0,2.0,2.0,1.0,2.0,0.0,0.0,1.0,2.0,0.0,0.0,2.0,3.0,1.0,3.0,0.0,3.0,7.0,6.0,2.0,2.0,0.0,0.0,0.0,0.0,0.0,0.0,0.0,0.0,0.0,0.0,0.0,0.0
Antofagasta,02,Desconocido Antofagasta,,,0,0.0,0.0,0.0,0.0,0.0,0.0,0.0,0.0,0.0,0.0,0.0,0.0,0.0,0.0,0.0,0.0,0.0,0.0,0.0,0.0,0.0,0.0,0.0,0.0,0.0,0.0,0.0,0.0,0.0,0.0,0.0,0.0,0.0,0.0,0.0,0.0,0.0,0.0,0.0,0.0,0.0,0.0,0.0,0.0,0.0,0.0,0.0,0.0,0.0,0.0,0.0,0.0,0.0,0.0,0.0,0.0,0.0,0.0,0.0,0.0,0.0,0.0,0.0,0.0,0.0,0.0,0.0,0.0,0.0,0.0,0.0,0.0,0.0,0.0,0.0,0.0,0.0,0.0,0.0,0.0,0.0,0.0,0.0,0.0,0.0,0.0,0.0,0.0,0.0,0.0,0.0,0.0,0.0,0.0,0.0,0.0,0.0,0.0,0.0,0.0,0.0,0.0,0.0
Antofagasta,02,Total,,691854.0,0.0,0.0,0.0,0.0,0.0,0.0,0.0,0.0,0.0,0.0,0.0,2.0,4.0,4.0,2.0,8.0,45.0,71.0,113.0,74.0,88.0,66.0,27.0,22.0,57.0,91.0,93.0,70.0,48.0,41.0,34.0,24.0,22.0,31.0,35.0,43.0,40.0,23.0,36.0,25.0,11.0,12.0,19.0,17.0,33.0,34.0,41.0,77.0,173.0,206.0,194.0,223.0,209.0,150.0,187.0,201.0,217.0,233.0,211.0,205.0,260.0,224.0,202.0,133.0,126.0,121.0,127.0,144.0,169.0,158.0,172.0,147.0,143.0,102.0,51.0,46.0,49.0,33.0,24.0,30.0,14.0,35.0,25.0,20.0,29.0,39.0,19.0,37.0,53.0,54.0,70.0,62.0,27.0,2.0,0.0,0.0,3.0,2.0,1.0,4.0,3.0,2.0,0.0,0.0
,,,,,,,,,,,,,,,,,,,,,,,,,,,,,,,,,,,,,,,,,,,,,,,,,,,,,,,,,,,,,,,,,,,,,,,,,,,,,,,,,,,,,,,,,,,,,,,,,,,,,,,,,,,,
Atacama,03,Alto del Carmen,03302,5729.0,0,0.0,0.0,0.0,0.0,0.0,0.0,0.0,0.0,0.0,0.0,0.0,0.0,0.0,0.0,0.0,0.0,0.0,0.0,0.0,0.0,0.0,0.0,0.0,0.0,0.0,0.0,0.0,0.0,0.0,0.0,0.0,0.0,0.0,0.0,0.0,0.0,0.0,0.0,0.0,0.0,0.0,0.0,0.0,0.0,0.0,0.0,0.0,0.0,2.0,0.0,0.0,0.0,1.0,1.0,0.0,0.0,0.0,0.0,6.0,0.0,0.0,0.0,0.0,0.0,1.0,0.0,0.0,2.0,1.0,2.0,0.0,0.0,0.0,0.0,1.0,0.0,0.0,0.0,0.0,0.0,0.0,0.0,2.0,2.0,0.0,0.0,0.0,0.0,0.0,0.0,0.0,0.0,0.0,0.0,0.0,0.0,0.0,0.0,0.0,0.0,0.0,0.0,0.0
Atacama,03,Caldera,03102,19426.0,0,0.0,0.0,0.0,0.0,0.0,0.0,0.0,0.0,0.0,0.0,0.0,0.0,0.0,0.0,0.0,0.0,0.0,0.0,0.0,0.0,0.0,0.0,0.0,0.0,0.0,0.0,0.0,0.0,0.0,0.0,0.0,0.0,0.0,0.0,0.0,0.0,0.0,0.0,0.0,0.0,0.0,0.0,0.0,1.0,0.0,0.0,0.0,0.0,1.0,0.0,1.0,1.0,0.0,1.0,1.0,1.0,1.0,1.0,0.0,3.0,2.0,1.0,2.0,3.0,3.0,6.0,4.0,3.0,2.0,2.0,3.0,3.0,2.0,5.0,1.0,1.0,1.0,1.0,3.0,2.0,1.0,0.0,2.0,1.0,1.0,0.0,2.0,0.0,0.0,0.0,1.0,0.0,0.0,0.0,0.0,0.0,0.0,0.0,0.0,1.0,0.0,0.0,0.0
Atacama,03,Chanaral,03201,13164.0,0,0.0,0.0,0.0,0.0,0.0,0.0,0.0,0.0,0.0,0.0,0.0,0.0,0.0,0.0,0.0,0.0,0.0,1.0,0.0,0.0,0.0,0.0,0.0,0.0,0.0,0.0,0.0,0.0,0.0,0.0,0.0,0.0,0.0,0.0,0.0,0.0,0.0,0.0,0.0,0.0,0.0,0.0,0.0,0.0,0.0,0.0,1.0,0.0,1.0,3.0,1.0,1.0,2.0,3.0,1.0,2.0,1.0,5.0,5.0,2.0,1.0,2.0,6.0,2.0,0.0,2.0,4.0,2.0,3.0,4.0,7.0,6.0,10.0,3.0,1.0,0.0,0.0,0.0,0.0,0.0,0.0,1.0,1.0,0.0,1.0,1.0,3.0,0.0,1.0,2.0,0.0,1.0,0.0,0.0,0.0,0.0,0.0,0.0,0.0,0.0,0.0,0.0,0.0
Atacama,03,Copiapo,03101,171766.0,0,0.0,0.0,0.0,0.0,0.0,0.0,0.0,0.0,0.0,0.0,0.0,0.0,0.0,0.0,0.0,1.0,1.0,0.0,0.0,0.0,0.0,0.0,0.0,0.0,1.0,2.0,1.0,0.0,0.0,2.0,2.0,4.0,2.0,0.0,4.0,0.0,5.0,0.0,1.0,0.0,0.0,1.0,0.0,2.0,1.0,3.0,13.0,16.0,18.0,45.0,48.0,27.0,26.0,23.0,15.0,14.0,21.0,15.0,16.0,37.0,24.0,27.0,32.0,29.0,34.0,28.0,29.0,21.0,29.0,21.0,26.0,21.0,11.0,13.0,11.0,4.0,3.0,3.0,6.0,1.0,7.0,2.0,3.0,2.0,6.0,4.0,7.0,4.0,11.0,16.0,6.0,5.0,2.0,0.0,1.0,1.0,0.0,1.0,0.0,0.0,0.0,1.0,0.0
Atacama,03,Diego de Almagro,03202,14358.0,0,0.0,0.0,0.0,0.0,0.0,0.0,0.0,0.0,0.0,0.0,0.0,0.0,0.0,0.0,0.0,0.0,0.0,0.0,0.0,0.0,0.0,0.0,0.0,0.0,0.0,0.0,0.0,0.0,0.0,0.0,2.0,2.0,0.0,4.0,3.0,1.0,0.0,1.0,0.0,0.0,0.0,0.0,0.0,0.0,0.0,0.0,0.0,2.0,5.0,3.0,2.0,0.0,1.0,7.0,1.0,2.0,12.0,3.0,7.0,3.0,7.0,2.0,1.0,2.0,6.0,2.0,12.0,8.0,6.0,10.0,11.0,6.0,7.0,2.0,2.0,4.0,0.0,2.0,1.0,0.0,0.0,0.0,0.0,2.0,5.0,3.0,0.0,1.0,4.0,1.0,2.0,0.0,0.0,0.0,0.0,0.0,0.0,0.0,0.0,0.0,0.0,0.0,0.0
Atacama,03,Freirina,03303,7681.0,0,0.0,0.0,0.0,0.0,0.0,0.0,0.0,0.0,0.0,0.0,0.0,0.0,0.0,0.0,0.0,0.0,0.0,0.0,0.0,0.0,0.0,0.0,0.0,0.0,0.0,0.0,0.0,0.0,0.0,1.0,0.0,0.0,0.0,0.0,0.0,0.0,0.0,0.0,0.0,0.0,0.0,0.0,0.0,0.0,0.0,0.0,0.0,1.0,0.0,1.0,5.0,5.0,0.0,0.0,1.0,2.0,3.0,0.0,0.0,0.0,0.0,3.0,3.0,2.0,4.0,2.0,2.0,1.0,1.0,1.0,0.0,1.0,1.0,0.0,0.0,0.0,0.0,0.0,0.0,0.0,0.0,0.0,1.0,0.0,0.0,0.0,0.0,0.0,0.0,1.0,0.0,1.0,0.0,0.0,0.0,0.0,0.0,0.0,0.0,0.0,0.0,0.0,0.0
Atacama,03,Huasco,03304,11264.0,0,0.0,0.0,0.0,0.0,0.0,0.0,0.0,0.0,0.0,0.0,0.0,0.0,0.0,0.0,0.0,0.0,0.0,0.0,0.0,0.0,0.0,0.0,0.0,0.0,0.0,0.0,0.0,0.0,0.0,0.0,0.0,0.0,0.0,0.0,0.0,1.0,0.0,1.0,0.0,2.0,4.0,0.0,0.0,0.0,0.0,0.0,0.0,0.0,0.0,4.0,5.0,0.0,5.0,1.0,3.0,5.0,1.0,5.0,2.0,1.0,1.0,0.0,1.0,2.0,1.0,1.0,6.0,7.0,6.0,6.0,6.0,1.0,3.0,3.0,3.0,1.0,4.0,1.0,0.0,0.0,0.0,0.0,0.0,0.0,0.0,1.0,0.0,1.0,0.0,1.0,3.0,2.0,0.0,0.0,0.0,0.0,0.0,0.0,0.0,0.0,0.0,0.0,0.0
Atacama,03,Tierra Amarilla,03103,14312.0,0,0.0,0.0,0.0,0.0,0.0,0.0,0.0,0.0,0.0,0.0,0.0,0.0,0.0,0.0,0.0,0.0,0.0,0.0,0.0,0.0,0.0,0.0,0.0,0.0,0.0,0.0,0.0,0.0,0.0,0.0,0.0,0.0,1.0,0.0,0.0,0.0,0.0,0.0,0.0,1.0,0.0,0.0,0.0,0.0,0.0,1.0,1.0,0.0,1.0,4.0,3.0,1.0,0.0,1.0,3.0,0.0,0.0,0.0,0.0,2.0,3.0,2.0,0.0,1.0,0.0,1.0,1.0,4.0,0.0,3.0,0.0,1.0,2.0,0.0,0.0,0.0,1.0,0.0,0.0,0.0,1.0,0.0,3.0,0.0,0.0,0.0,4.0,0.0,0.0,0.0,0.0,0.0,0.0,0.0,0.0,0.0,0.0,0.0,0.0,0.0,0.0,0.0,0.0
Atacama,03,Vallenar,03301,57009.0,0,0.0,0.0,0.0,0.0,0.0,0.0,0.0,0.0,0.0,0.0,0.0,0.0,0.0,0.0,0.0,0.0,0.0,0.0,0.0,0.0,0.0,0.0,0.0,0.0,0.0,0.0,0.0,0.0,0.0,0.0,0.0,2.0,0.0,1.0,0.0,0.0,0.0,1.0,0.0,0.0,0.0,0.0,0.0,0.0,0.0,1.0,0.0,0.0,2.0,2.0,7.0,10.0,3.0,7.0,4.0,6.0,9.0,9.0,5.0,18.0,18.0,15.0,9.0,5.0,13.0,7.0,20.0,30.0,18.0,31.0,10.0,9.0,16.0,17.0,4.0,7.0,6.0,3.0,2.0,3.0,3.0,0.0,1.0,1.0,0.0,4.0,4.0,8.0,0.0,6.0,5.0,9.0,0.0,0.0,0.0,0.0,0.0,0.0,0.0,0.0,0.0,0.0,0.0
Atacama,03,Desconocido Atacama,,,0,0.0,0.0,0.0,0.0,0.0,0.0,0.0,0.0,0.0,0.0,0.0,0.0,0.0,0.0,0.0,0.0,0.0,0.0,0.0,0.0,0.0,0.0,0.0,0.0,0.0,0.0,0.0,0.0,0.0,0.0,0.0,0.0,0.0,0.0,0.0,0.0,0.0,0.0,0.0,0.0,0.0,0.0,0.0,0.0,0.0,0.0,0.0,0.0,0.0,0.0,0.0,0.0,0.0,0.0,0.0,0.0,0.0,0.0,0.0,0.0,0.0,0.0,0.0,0.0,0.0,0.0,1.0,0.0,0.0,0.0,0.0,0.0,0.0,0.0,0.0,0.0,0.0,0.0,0.0,0.0,0.0,0.0,0.0,0.0,0.0,0.0,0.0,0.0,0.0,0.0,0.0,0.0,0.0,0.0,0.0,0.0,0.0,0.0,0.0,0.0,0.0,0.0,0.0
Atacama,03,Total,,314709.0,0.0,0.0,0.0,0.0,0.0,0.0,0.0,0.0,0.0,0.0,0.0,0.0,0.0,0.0,0.0,0.0,1.0,1.0,1.0,0.0,0.0,0.0,0.0,0.0,0.0,1.0,2.0,1.0,0.0,0.0,3.0,4.0,8.0,3.0,5.0,7.0,2.0,5.0,3.0,1.0,3.0,4.0,1.0,0.0,3.0,1.0,5.0,15.0,19.0,30.0,62.0,72.0,45.0,38.0,44.0,29.0,32.0,48.0,38.0,41.0,66.0,56.0,52.0,54.0,46.0,62.0,49.0,79.0,78.0,66.0,80.0,63.0,48.0,52.0,43.0,23.0,17.0,15.0,10.0,12.0,6.0,12.0,3.0,13.0,8.0,13.0,13.0,20.0,14.0,16.0,27.0,17.0,18.0,2.0,0.0,1.0,1.0,0.0,1.0,0.0,1.0,0.0,1.0,0.0
,,,,,,,,,,,,,,,,,,,,,,,,,,,,,,,,,,,,,,,,,,,,,,,,,,,,,,,,,,,,,,,,,,,,,,,,,,,,,,,,,,,,,,,,,,,,,,,,,,,,,,,,,,,,
Coquimbo,04,Andacollo,04103,11791.0,0,0.0,0.0,0.0,0.0,0.0,0.0,0.0,0.0,0.0,0.0,0.0,0.0,0.0,0.0,1.0,0.0,0.0,0.0,0.0,1.0,0.0,0.0,0.0,0.0,0.0,0.0,0.0,0.0,1.0,0.0,0.0,0.0,0.0,0.0,0.0,0.0,0.0,0.0,0.0,0.0,1.0,0.0,0.0,0.0,0.0,0.0,0.0,0.0,0.0,0.0,0.0,4.0,0.0,1.0,2.0,0.0,1.0,1.0,1.0,2.0,1.0,1.0,1.0,0.0,0.0,0.0,2.0,1.0,1.0,3.0,0.0,1.0,1.0,2.0,1.0,0.0,0.0,0.0,0.0,0.0,2.0,1.0,1.0,0.0,0.0,0.0,0.0,0.0,0.0,0.0,0.0,2.0,0.0,0.0,0.0,0.0,0.0,0.0,0.0,0.0,0.0,0.0,0.0
Coquimbo,04,Canela,04202,9546.0,0,0.0,0.0,0.0,0.0,0.0,0.0,0.0,0.0,0.0,0.0,0.0,0.0,0.0,0.0,1.0,0.0,0.0,0.0,0.0,0.0,0.0,0.0,0.0,0.0,1.0,0.0,0.0,1.0,1.0,0.0,3.0,0.0,1.0,0.0,1.0,0.0,2.0,0.0,0.0,0.0,0.0,0.0,1.0,0.0,0.0,0.0,0.0,1.0,4.0,3.0,3.0,1.0,0.0,0.0,1.0,0.0,1.0,0.0,2.0,2.0,0.0,1.0,6.0,2.0,0.0,6.0,2.0,0.0,1.0,2.0,0.0,0.0,4.0,2.0,0.0,0.0,1.0,0.0,0.0,0.0,1.0,0.0,0.0,0.0,0.0,0.0,0.0,1.0,2.0,2.0,1.0,0.0,0.0,0.0,0.0,0.0,0.0,0.0,0.0,0.0,0.0,0.0,0.0
Coquimbo,04,Combarbala,04302,13884.0,0,0.0,0.0,0.0,0.0,0.0,0.0,0.0,0.0,0.0,0.0,0.0,0.0,0.0,0.0,0.0,0.0,0.0,0.0,0.0,0.0,0.0,0.0,0.0,1.0,1.0,2.0,4.0,3.0,2.0,0.0,1.0,0.0,2.0,1.0,0.0,1.0,0.0,0.0,0.0,2.0,3.0,1.0,0.0,2.0,0.0,1.0,2.0,4.0,2.0,1.0,2.0,4.0,0.0,5.0,1.0,11.0,9.0,3.0,4.0,1.0,5.0,2.0,2.0,8.0,3.0,7.0,2.0,5.0,6.0,3.0,10.0,3.0,2.0,8.0,6.0,1.0,0.0,0.0,0.0,0.0,0.0,0.0,1.0,3.0,0.0,0.0,0.0,0.0,14.0,6.0,2.0,1.0,0.0,0.0,0.0,0.0,0.0,0.0,0.0,0.0,0.0,0.0,0.0
Coquimbo,04,Coquimbo,04102,256735.0,0,0.0,0.0,0.0,0.0,0.0,0.0,0.0,0.0,0.0,0.0,4.0,2.0,3.0,7.0,9.0,10.0,7.0,13.0,8.0,7.0,16.0,5.0,5.0,16.0,17.0,28.0,23.0,21.0,21.0,25.0,18.0,25.0,6.0,10.0,7.0,8.0,15.0,11.0,6.0,10.0,9.0,6.0,9.0,12.0,5.0,7.0,27.0,24.0,25.0,53.0,48.0,47.0,37.0,43.0,42.0,53.0,64.0,63.0,57.0,71.0,67.0,41.0,58.0,65.0,64.0,70.0,74.0,64.0,69.0,57.0,67.0,30.0,48.0,34.0,44.0,23.0,15.0,15.0,10.0,17.0,8.0,6.0,10.0,40.0,21.0,17.0,26.0,32.0,37.0,52.0,77.0,47.0,7.0,1.0,0.0,0.0,0.0,0.0,1.0,3.0,1.0,26.0,0.0
Coquimbo,04,Illapel,04201,32801.0,0,0.0,0.0,0.0,0.0,0.0,0.0,0.0,0.0,0.0,0.0,0.0,0.0,0.0,0.0,1.0,0.0,1.0,0.0,1.0,0.0,0.0,0.0,1.0,1.0,0.0,6.0,1.0,1.0,1.0,0.0,4.0,4.0,1.0,0.0,3.0,1.0,0.0,0.0,0.0,0.0,0.0,0.0,0.0,0.0,0.0,0.0,0.0,0.0,0.0,6.0,10.0,8.0,7.0,5.0,8.0,15.0,14.0,3.0,3.0,5.0,29.0,8.0,13.0,15.0,12.0,12.0,11.0,17.0,17.0,31.0,28.0,16.0,11.0,2.0,5.0,5.0,1.0,2.0,0.0,0.0,0.0,0.0,0.0,0.0,0.0,1.0,6.0,12.0,15.0,17.0,10.0,11.0,3.0,0.0,0.0,0.0,0.0,0.0,0.0,0.0,0.0,0.0,0.0
Coquimbo,04,La Higuera,04104,4450.0,0,0.0,0.0,0.0,0.0,0.0,0.0,0.0,0.0,0.0,0.0,0.0,0.0,0.0,0.0,0.0,0.0,0.0,0.0,0.0,0.0,0.0,0.0,0.0,0.0,1.0,0.0,1.0,0.0,0.0,0.0,0.0,0.0,0.0,0.0,0.0,0.0,0.0,0.0,0.0,0.0,0.0,0.0,0.0,0.0,0.0,0.0,1.0,1.0,0.0,2.0,5.0,0.0,0.0,0.0,0.0,0.0,1.0,3.0,0.0,0.0,1.0,3.0,1.0,2.0,1.0,0.0,3.0,0.0,2.0,2.0,0.0,2.0,1.0,3.0,0.0,2.0,0.0,0.0,0.0,0.0,0.0,0.0,0.0,0.0,0.0,0.0,1.0,0.0,0.0,1.0,0.0,0.0,0.0,0.0,0.0,0.0,0.0,0.0,0.0,0.0,0.0,0.0,0.0
Coquimbo,04,La Serena,04101,249656.0,0,0.0,0.0,0.0,0.0,0.0,0.0,0.0,0.0,0.0,1.0,2.0,0.0,3.0,8.0,12.0,5.0,11.0,16.0,30.0,35.0,30.0,4.0,10.0,41.0,66.0,44.0,34.0,23.0,36.0,32.0,9.0,16.0,18.0,21.0,9.0,11.0,4.0,5.0,7.0,6.0,5.0,8.0,7.0,12.0,9.0,17.0,24.0,45.0,54.0,49.0,75.0,64.0,61.0,71.0,68.0,71.0,86.0,68.0,72.0,58.0,79.0,78.0,67.0,67.0,90.0,90.0,79.0,84.0,94.0,63.0,59.0,61.0,52.0,33.0,25.0,19.0,17.0,31.0,24.0,12.0,29.0,11.0,5.0,15.0,20.0,13.0,17.0,29.0,39.0,52.0,55.0,54.0,0.0,0.0,0.0,0.0,0.0,0.0,1.0,0.0,0.0,1.0,0.0
Coquimbo,04,Los Vilos,04203,23374.0,0,0.0,0.0,0.0,0.0,0.0,0.0,0.0,0.0,0.0,0.0,0.0,0.0,0.0,0.0,0.0,0.0,0.0,0.0,1.0,1.0,0.0,0.0,2.0,0.0,0.0,1.0,0.0,0.0,0.0,0.0,2.0,3.0,0.0,1.0,1.0,1.0,1.0,0.0,0.0,0.0,0.0,0.0,0.0,0.0,0.0,1.0,0.0,3.0,2.0,7.0,4.0,5.0,0.0,4.0,5.0,5.0,10.0,9.0,10.0,6.0,6.0,7.0,3.0,5.0,5.0,10.0,8.0,4.0,2.0,0.0,3.0,2.0,2.0,2.0,2.0,3.0,0.0,2.0,0.0,1.0,0.0,0.0,0.0,0.0,0.0,0.0,2.0,2.0,5.0,16.0,20.0,8.0,0.0,0.0,0.0,0.0,0.0,0.0,0.0,0.0,0.0,0.0,0.0
Coquimbo,04,Monte Patria,04303,32527.0,0,0.0,0.0,0.0,0.0,0.0,0.0,0.0,0.0,0.0,0.0,0.0,0.0,0.0,0.0,1.0,1.0,5.0,2.0,5.0,1.0,3.0,0.0,1.0,0.0,3.0,4.0,6.0,3.0,6.0,6.0,2.0,1.0,0.0,1.0,1.0,1.0,0.0,1.0,0.0,2.0,3.0,3.0,2.0,0.0,1.0,1.0,1.0,2.0,3.0,2.0,4.0,6.0,4.0,1.0,8.0,9.0,5.0,14.0,6.0,3.0,5.0,2.0,7.0,5.0,5.0,3.0,4.0,6.0,11.0,4.0,4.0,8.0,10.0,4.0,1.0,5.0,0.0,0.0,0.0,2.0,2.0,0.0,0.0,3.0,1.0,0.0,0.0,1.0,0.0,2.0,1.0,1.0,0.0,0.0,0.0,0.0,0.0,0.0,0.0,0.0,0.0,1.0,0.0
Coquimbo,04,Ovalle,04301,121269.0,0,0.0,0.0,0.0,0.0,0.0,0.0,0.0,0.0,0.0,0.0,0.0,6.0,4.0,2.0,9.0,15.0,30.0,45.0,51.0,32.0,25.0,4.0,6.0,23.0,37.0,51.0,61.0,66.0,57.0,34.0,28.0,43.0,20.0,10.0,6.0,2.0,0.0,4.0,7.0,17.0,5.0,36.0,38.0,35.0,18.0,26.0,44.0,33.0,35.0,27.0,21.0,29.0,24.0,34.0,40.0,29.0,27.0,35.0,34.0,34.0,29.0,31.0,34.0,32.0,28.0,61.0,48.0,51.0,57.0,61.0,47.0,32.0,23.0,16.0,12.0,14.0,8.0,4.0,1.0,4.0,6.0,3.0,9.0,10.0,3.0,5.0,4.0,6.0,7.0,16.0,8.0,5.0,0.0,1.0,0.0,0.0,0.0,0.0,0.0,0.0,0.0,0.0,0.0
Coquimbo,04,Paiguano,04105,4675.0,0,0.0,0.0,0.0,0.0,0.0,0.0,0.0,0.0,0.0,0.0,0.0,0.0,0.0,0.0,0.0,0.0,2.0,0.0,0.0,0.0,1.0,0.0,0.0,0.0,1.0,0.0,0.0,0.0,0.0,0.0,4.0,0.0,0.0,0.0,0.0,0.0,0.0,0.0,0.0,0.0,0.0,0.0,0.0,0.0,0.0,0.0,0.0,0.0,0.0,0.0,1.0,0.0,2.0,0.0,4.0,3.0,1.0,2.0,0.0,0.0,1.0,0.0,2.0,2.0,0.0,1.0,2.0,1.0,11.0,1.0,3.0,1.0,1.0,0.0,0.0,0.0,1.0,0.0,0.0,0.0,0.0,0.0,0.0,0.0,0.0,0.0,0.0,0.0,1.0,0.0,2.0,6.0,2.0,0.0,0.0,0.0,0.0,0.0,0.0,0.0,0.0,0.0,0.0
Coquimbo,04,Punitaqui,04304,12165.0,0,0.0,0.0,0.0,0.0,0.0,0.0,0.0,0.0,0.0,0.0,0.0,0.0,0.0,0.0,2.0,0.0,0.0,0.0,0.0,0.0,0.0,0.0,0.0,0.0,1.0,0.0,1.0,0.0,0.0,0.0,1.0,0.0,0.0,1.0,0.0,1.0,0.0,1.0,0.0,0.0,1.0,3.0,0.0,0.0,0.0,2.0,1.0,0.0,0.0,3.0,2.0,2.0,0.0,3.0,1.0,8.0,0.0,2.0,1.0,2.0,1.0,1.0,3.0,2.0,1.0,4.0,11.0,8.0,9.0,3.0,3.0,1.0,2.0,0.0,1.0,2.0,0.0,0.0,0.0,0.0,0.0,0.0,0.0,1.0,3.0,4.0,0.0,2.0,0.0,0.0,4.0,4.0,0.0,0.0,0.0,0.0,0.0,0.0,0.0,0.0,0.0,0.0,0.0
Coquimbo,04,Rio Hurtado,04305,4372.0,0,0.0,0.0,0.0,0.0,0.0,0.0,0.0,0.0,0.0,0.0,0.0,0.0,1.0,0.0,0.0,0.0,0.0,0.0,0.0,1.0,0.0,0.0,0.0,0.0,0.0,0.0,0.0,0.0,0.0,0.0,0.0,0.0,0.0,0.0,0.0,0.0,0.0,0.0,0.0,0.0,0.0,0.0,0.0,0.0,0.0,0.0,0.0,0.0,0.0,0.0,2.0,0.0,0.0,1.0,0.0,1.0,0.0,0.0,0.0,1.0,0.0,0.0,1.0,0.0,0.0,2.0,6.0,2.0,2.0,1.0,1.0,3.0,2.0,0.0,0.0,0.0,0.0,0.0,0.0,0.0,0.0,0.0,0.0,0.0,0.0,0.0,0.0,0.0,0.0,0.0,1.0,2.0,0.0,0.0,0.0,0.0,0.0,0.0,0.0,0.0,0.0,0.0,0.0
Coquimbo,04,Salamanca,04204,29110.0,0,0.0,0.0,0.0,0.0,0.0,0.0,0.0,0.0,0.0,0.0,0.0,0.0,0.0,0.0,1.0,1.0,0.0,4.0,0.0,0.0,0.0,0.0,0.0,0.0,0.0,0.0,0.0,0.0,0.0,0.0,0.0,1.0,0.0,0.0,0.0,0.0,0.0,0.0,0.0,0.0,0.0,0.0,0.0,0.0,0.0,0.0,0.0,1.0,8.0,5.0,10.0,10.0,11.0,12.0,10.0,3.0,7.0,6.0,9.0,11.0,5.0,8.0,1.0,2.0,10.0,5.0,11.0,4.0,9.0,4.0,7.0,8.0,1.0,0.0,2.0,0.0,1.0,1.0,1.0,2.0,0.0,0.0,0.0,1.0,0.0,0.0,1.0,11.0,14.0,10.0,2.0,4.0,0.0,0.0,0.0,0.0,0.0,0.0,0.0,0.0,0.0,0.0,0.0
Coquimbo,04,Vicuna,04106,29741.0,0,0.0,0.0,0.0,0.0,0.0,0.0,0.0,0.0,0.0,0.0,0.0,0.0,0.0,0.0,0.0,4.0,0.0,0.0,1.0,2.0,6.0,3.0,6.0,3.0,3.0,0.0,2.0,3.0,14.0,5.0,6.0,10.0,2.0,1.0,1.0,1.0,0.0,2.0,0.0,0.0,2.0,0.0,1.0,4.0,1.0,0.0,3.0,1.0,1.0,2.0,11.0,14.0,16.0,9.0,15.0,17.0,10.0,16.0,14.0,23.0,9.0,3.0,9.0,19.0,6.0,5.0,15.0,28.0,42.0,43.0,30.0,30.0,14.0,10.0,4.0,5.0,2.0,3.0,1.0,4.0,0.0,3.0,1.0,1.0,0.0,0.0,1.0,9.0,2.0,6.0,3.0,12.0,0.0,0.0,0.0,0.0,0.0,0.0,0.0,0.0,0.0,0.0,0.0
Coquimbo,04,Desconocido Coquimbo,,,0,0.0,0.0,0.0,0.0,0.0,0.0,0.0,0.0,0.0,0.0,0.0,0.0,0.0,0.0,0.0,0.0,0.0,0.0,0.0,0.0,0.0,0.0,0.0,0.0,0.0,0.0,0.0,0.0,0.0,0.0,0.0,0.0,0.0,0.0,0.0,0.0,0.0,0.0,0.0,0.0,0.0,0.0,0.0,0.0,0.0,0.0,0.0,0.0,0.0,0.0,0.0,0.0,0.0,0.0,0.0,0.0,0.0,0.0,0.0,0.0,0.0,0.0,0.0,0.0,0.0,0.0,0.0,0.0,0.0,0.0,0.0,0.0,0.0,0.0,0.0,0.0,0.0,0.0,0.0,0.0,0.0,0.0,0.0,0.0,0.0,0.0,0.0,0.0,0.0,0.0,0.0,0.0,0.0,0.0,0.0,0.0,0.0,0.0,0.0,0.0,0.0,0.0,0.0
Coquimbo,04,Total,,836096.0,0.0,0.0,0.0,0.0,0.0,0.0,0.0,0.0,0.0,0.0,1.0,6.0,8.0,11.0,17.0,37.0,36.0,56.0,80.0,97.0,80.0,81.0,16.0,31.0,85.0,131.0,136.0,133.0,121.0,139.0,102.0,78.0,103.0,50.0,46.0,29.0,27.0,22.0,24.0,20.0,37.0,29.0,57.0,58.0,65.0,34.0,55.0,103.0,115.0,134.0,160.0,198.0,194.0,162.0,189.0,205.0,225.0,236.0,225.0,213.0,219.0,238.0,186.0,208.0,226.0,225.0,276.0,278.0,275.0,333.0,278.0,262.0,198.0,174.0,116.0,103.0,79.0,46.0,58.0,37.0,42.0,48.0,24.0,27.0,74.0,48.0,40.0,58.0,105.0,136.0,180.0,186.0,157.0,12.0,2.0,0.0,0.0,0.0,0.0,2.0,3.0,1.0,28.0,0.0
,,,,,,,,,,,,,,,,,,,,,,,,,,,,,,,,,,,,,,,,,,,,,,,,,,,,,,,,,,,,,,,,,,,,,,,,,,,,,,,,,,,,,,,,,,,,,,,,,,,,,,,,,,,,
Valparaiso,05,Algarrobo,05602,15174.0,0,0.0,0.0,0.0,0.0,0.0,0.0,0.0,0.0,0.0,0.0,0.0,0.0,0.0,1.0,0.0,2.0,3.0,2.0,1.0,0.0,1.0,0.0,0.0,0.0,0.0,0.0,0.0,0.0,1.0,0.0,0.0,0.0,3.0,0.0,0.0,1.0,3.0,1.0,0.0,0.0,0.0,1.0,1.0,0.0,0.0,0.0,5.0,3.0,4.0,1.0,8.0,8.0,2.0,4.0,12.0,1.0,7.0,7.0,8.0,5.0,11.0,23.0,6.0,4.0,3.0,8.0,12.0,13.0,7.0,10.0,9.0,4.0,4.0,2.0,6.0,10.0,5.0,2.0,0.0,2.0,3.0,2.0,2.0,6.0,5.0,3.0,9.0,7.0,1.0,7.0,6.0,3.0,0.0,0.0,0.0,0.0,0.0,0.0,0.0,0.0,0.0,0.0,0.0
Valparaiso,05,Cabildo,05402,20663.0,0,0.0,0.0,0.0,0.0,0.0,0.0,0.0,0.0,0.0,0.0,0.0,0.0,0.0,0.0,5.0,5.0,7.0,17.0,28.0,14.0,20.0,11.0,5.0,5.0,2.0,6.0,3.0,4.0,8.0,9.0,8.0,4.0,7.0,1.0,2.0,0.0,3.0,5.0,0.0,1.0,4.0,1.0,0.0,2.0,0.0,13.0,19.0,6.0,12.0,3.0,6.0,6.0,10.0,4.0,9.0,15.0,20.0,6.0,11.0,22.0,14.0,11.0,12.0,8.0,3.0,4.0,7.0,16.0,5.0,12.0,8.0,9.0,5.0,5.0,2.0,0.0,1.0,4.0,0.0,1.0,0.0,1.0,1.0,1.0,0.0,0.0,1.0,2.0,2.0,0.0,5.0,0.0,0.0,0.0,0.0,0.0,0.0,0.0,0.0,0.0,0.0,0.0,0.0
Valparaiso,05,Calera,05502,53591.0,0,0.0,0.0,0.0,0.0,0.0,0.0,0.0,0.0,0.0,0.0,0.0,0.0,1.0,0.0,1.0,7.0,9.0,20.0,9.0,8.0,20.0,9.0,11.0,13.0,41.0,38.0,21.0,34.0,30.0,25.0,18.0,14.0,8.0,7.0,5.0,3.0,7.0,11.0,2.0,6.0,2.0,1.0,0.0,1.0,8.0,12.0,14.0,17.0,18.0,7.0,10.0,32.0,27.0,33.0,30.0,39.0,60.0,107.0,114.0,93.0,93.0,69.0,65.0,64.0,62.0,64.0,67.0,75.0,73.0,80.0,66.0,29.0,22.0,10.0,15.0,8.0,17.0,13.0,11.0,17.0,3.0,0.0,0.0,5.0,7.0,1.0,4.0,9.0,7.0,28.0,11.0,13.0,1.0,0.0,0.0,0.0,0.0,0.0,0.0,0.0,0.0,0.0,0.0
Valparaiso,05,Calle Larga,05302,16482.0,0,0.0,0.0,0.0,0.0,0.0,0.0,0.0,0.0,0.0,0.0,0.0,0.0,0.0,1.0,0.0,0.0,1.0,4.0,22.0,6.0,3.0,3.0,4.0,13.0,3.0,22.0,0.0,7.0,4.0,1.0,4.0,5.0,3.0,4.0,2.0,3.0,2.0,3.0,5.0,1.0,4.0,1.0,0.0,4.0,1.0,1.0,2.0,0.0,3.0,0.0,5.0,6.0,2.0,6.0,11.0,7.0,4.0,6.0,8.0,11.0,10.0,4.0,9.0,5.0,3.0,6.0,8.0,8.0,7.0,8.0,2.0,5.0,0.0,3.0,0.0,0.0,0.0,0.0,0.0,0.0,0.0,0.0,0.0,0.0,0.0,0.0,1.0,0.0,0.0,4.0,2.0,0.0,0.0,0.0,0.0,0.0,0.0,0.0,0.0,0.0,0.0,0.0,0.0
Valparaiso,05,Cartagena,05603,25357.0,0,0.0,0.0,0.0,0.0,0.0,0.0,0.0,0.0,0.0,0.0,0.0,0.0,0.0,1.0,0.0,6.0,2.0,3.0,1.0,2.0,1.0,1.0,3.0,1.0,2.0,3.0,6.0,4.0,5.0,4.0,5.0,13.0,14.0,3.0,2.0,0.0,2.0,0.0,2.0,0.0,1.0,7.0,2.0,7.0,5.0,4.0,5.0,8.0,7.0,7.0,8.0,5.0,3.0,13.0,11.0,9.0,16.0,9.0,26.0,18.0,18.0,11.0,12.0,11.0,11.0,19.0,20.0,40.0,47.0,25.0,15.0,9.0,8.0,8.0,7.0,5.0,6.0,4.0,1.0,5.0,3.0,4.0,1.0,1.0,2.0,6.0,4.0,8.0,15.0,9.0,8.0,6.0,1.0,0.0,0.0,0.0,0.0,0.0,0.0,0.0,0.0,0.0,0.0
Valparaiso,05,Casablanca,05102,29170.0,0,0.0,0.0,0.0,0.0,0.0,0.0,0.0,0.0,0.0,0.0,0.0,0.0,0.0,1.0,0.0,6.0,16.0,8.0,12.0,15.0,14.0,14.0,12.0,26.0,23.0,9.0,7.0,7.0,6.0,6.0,10.0,8.0,4.0,4.0,1.0,1.0,3.0,2.0,8.0,3.0,16.0,12.0,5.0,10.0,11.0,10.0,32.0,40.0,14.0,14.0,15.0,13.0,6.0,16.0,39.0,18.0,33.0,48.0,28.0,22.0,35.0,25.0,16.0,17.0,27.0,24.0,43.0,41.0,32.0,29.0,14.0,17.0,23.0,10.0,5.0,0.0,0.0,1.0,0.0,1.0,0.0,0.0,0.0,0.0,2.0,1.0,5.0,8.0,1.0,6.0,1.0,3.0,1.0,0.0,0.0,0.0,0.0,0.0,0.0,0.0,0.0,0.0,0.0
Valparaiso,05,Catemu,05702,15213.0,0,0.0,0.0,0.0,0.0,1.0,0.0,0.0,0.0,0.0,0.0,0.0,0.0,0.0,0.0,0.0,0.0,2.0,0.0,8.0,2.0,3.0,1.0,5.0,2.0,0.0,2.0,0.0,0.0,1.0,1.0,1.0,2.0,1.0,0.0,2.0,0.0,0.0,0.0,0.0,0.0,0.0,0.0,0.0,0.0,0.0,0.0,0.0,0.0,0.0,2.0,2.0,2.0,2.0,4.0,14.0,4.0,0.0,6.0,13.0,16.0,8.0,3.0,5.0,4.0,5.0,2.0,5.0,4.0,21.0,12.0,9.0,13.0,2.0,4.0,8.0,2.0,3.0,0.0,1.0,1.0,0.0,0.0,0.0,0.0,1.0,1.0,1.0,0.0,0.0,1.0,1.0,4.0,0.0,0.0,0.0,0.0,0.0,0.0,0.0,0.0,0.0,0.0,0.0
Valparaiso,05,Concon,05103,45889.0,0,0.0,0.0,0.0,0.0,0.0,0.0,0.0,0.0,0.0,0.0,0.0,0.0,0.0,1.0,4.0,18.0,5.0,12.0,34.0,28.0,19.0,13.0,6.0,5.0,5.0,15.0,6.0,4.0,20.0,15.0,7.0,7.0,10.0,3.0,4.0,3.0,9.0,10.0,5.0,5.0,5.0,5.0,3.0,3.0,10.0,18.0,15.0,20.0,14.0,16.0,18.0,20.0,9.0,16.0,22.0,29.0,31.0,40.0,37.0,41.0,30.0,34.0,15.0,17.0,28.0,24.0,25.0,39.0,27.0,18.0,17.0,24.0,14.0,11.0,7.0,8.0,5.0,8.0,7.0,4.0,4.0,6.0,1.0,6.0,8.0,5.0,4.0,11.0,6.0,10.0,9.0,2.0,0.0,0.0,0.0,0.0,0.0,0.0,0.0,0.0,0.0,0.0,0.0
Valparaiso,05,El Quisco,05604,17742.0,0,0.0,0.0,0.0,0.0,0.0,0.0,0.0,0.0,0.0,0.0,0.0,0.0,0.0,0.0,0.0,0.0,1.0,1.0,1.0,4.0,1.0,3.0,3.0,0.0,4.0,2.0,4.0,3.0,9.0,7.0,2.0,4.0,0.0,2.0,6.0,1.0,0.0,0.0,1.0,1.0,1.0,0.0,0.0,1.0,2.0,2.0,1.0,0.0,0.0,0.0,4.0,4.0,1.0,2.0,5.0,7.0,5.0,2.0,1.0,9.0,6.0,8.0,8.0,11.0,7.0,16.0,12.0,16.0,17.0,7.0,11.0,4.0,6.0,2.0,0.0,8.0,2.0,1.0,1.0,2.0,1.0,1.0,2.0,1.0,0.0,9.0,2.0,2.0,5.0,4.0,4.0,0.0,0.0,0.0,0.0,0.0,0.0,0.0,0.0,0.0,0.0,0.0,0.0
Valparaiso,05,El Tabo,05605,14338.0,0,0.0,0.0,0.0,0.0,0.0,0.0,0.0,0.0,0.0,0.0,0.0,0.0,0.0,0.0,4.0,8.0,5.0,13.0,14.0,9.0,3.0,2.0,10.0,3.0,0.0,0.0,1.0,1.0,10.0,2.0,4.0,0.0,2.0,0.0,0.0,0.0,0.0,0.0,0.0,0.0,0.0,1.0,1.0,1.0,1.0,3.0,3.0,7.0,5.0,4.0,4.0,5.0,4.0,1.0,1.0,3.0,3.0,3.0,15.0,8.0,5.0,5.0,5.0,13.0,10.0,14.0,14.0,10.0,27.0,25.0,20.0,9.0,1.0,1.0,3.0,5.0,3.0,0.0,2.0,1.0,1.0,1.0,0.0,0.0,0.0,2.0,5.0,4.0,9.0,13.0,5.0,3.0,0.0,0.0,0.0,0.0,0.0,0.0,0.0,0.0,0.0,0.0,0.0
Valparaiso,05,Hijuelas,05503,19099.0,0,0.0,0.0,0.0,0.0,0.0,0.0,0.0,0.0,0.0,0.0,0.0,0.0,1.0,0.0,0.0,1.0,2.0,5.0,1.0,1.0,2.0,3.0,5.0,3.0,2.0,2.0,2.0,2.0,0.0,1.0,0.0,0.0,0.0,10.0,0.0,0.0,1.0,0.0,1.0,0.0,0.0,0.0,2.0,1.0,2.0,3.0,3.0,19.0,2.0,13.0,5.0,9.0,5.0,8.0,5.0,7.0,9.0,19.0,23.0,29.0,18.0,16.0,16.0,19.0,14.0,11.0,6.0,12.0,9.0,10.0,15.0,4.0,5.0,1.0,4.0,0.0,2.0,0.0,1.0,0.0,1.0,0.0,1.0,2.0,1.0,1.0,1.0,5.0,1.0,1.0,3.0,2.0,0.0,0.0,0.0,0.0,0.0,0.0,0.0,0.0,0.0,0.0,0.0
Valparaiso,05,Isla de Pascua,05201,8277.0,0,0.0,0.0,0.0,0.0,0.0,0.0,0.0,0.0,0.0,0.0,0.0,0.0,0.0,0.0,0.0,0.0,0.0,0.0,0.0,0.0,0.0,0.0,0.0,0.0,0.0,0.0,0.0,0.0,0.0,0.0,0.0,0.0,0.0,0.0,0.0,0.0,0.0,0.0,0.0,0.0,0.0,0.0,0.0,0.0,0.0,0.0,0.0,0.0,0.0,0.0,0.0,0.0,0.0,0.0,0.0,0.0,0.0,0.0,0.0,0.0,0.0,0.0,0.0,0.0,0.0,0.0,0.0,0.0,0.0,0.0,0.0,0.0,0.0,0.0,0.0,0.0,0.0,0.0,0.0,0.0,0.0,0.0,0.0,0.0,0.0,0.0,0.0,0.0,0.0,0.0,0.0,0.0,0.0,0.0,0.0,0.0,0.0,0.0,0.0,0.0,0.0,0.0,0.0
Valparaiso,05,Juan Fernandez,05104,1033.0,0,0.0,0.0,0.0,0.0,0.0,0.0,0.0,0.0,0.0,0.0,0.0,0.0,0.0,0.0,0.0,0.0,0.0,0.0,0.0,0.0,0.0,0.0,0.0,0.0,0.0,0.0,0.0,0.0,0.0,0.0,0.0,0.0,0.0,0.0,0.0,0.0,0.0,0.0,0.0,0.0,0.0,0.0,0.0,0.0,0.0,0.0,0.0,0.0,0.0,0.0,0.0,0.0,0.0,0.0,0.0,0.0,0.0,0.0,0.0,0.0,0.0,0.0,0.0,0.0,0.0,0.0,0.0,0.0,0.0,0.0,0.0,0.0,0.0,0.0,0.0,0.0,0.0,0.0,0.0,0.0,0.0,0.0,0.0,0.0,0.0,0.0,0.0,0.0,0.0,0.0,0.0,0.0,0.0,0.0,0.0,0.0,0.0,0.0,0.0,0.0,0.0,0.0,0.0
Valparaiso,05,La Cruz,05504,25321.0,0,0.0,0.0,0.0,0.0,0.0,0.0,0.0,0.0,0.0,0.0,0.0,0.0,0.0,1.0,3.0,1.0,2.0,3.0,3.0,5.0,4.0,7.0,8.0,1.0,4.0,7.0,4.0,8.0,5.0,14.0,3.0,9.0,12.0,7.0,6.0,3.0,8.0,3.0,2.0,8.0,3.0,0.0,1.0,4.0,2.0,6.0,7.0,13.0,10.0,9.0,5.0,10.0,9.0,5.0,9.0,20.0,23.0,30.0,27.0,28.0,16.0,24.0,20.0,35.0,18.0,22.0,23.0,23.0,27.0,18.0,12.0,7.0,10.0,10.0,9.0,1.0,5.0,3.0,1.0,3.0,1.0,0.0,1.0,0.0,0.0,1.0,2.0,3.0,2.0,0.0,7.0,1.0,0.0,0.0,0.0,0.0,0.0,0.0,0.0,0.0,0.0,2.0,0.0
Valparaiso,05,La Ligua,05401,37739.0,0,0.0,0.0,0.0,0.0,0.0,0.0,0.0,0.0,0.0,0.0,0.0,0.0,0.0,2.0,0.0,7.0,18.0,11.0,16.0,17.0,22.0,24.0,34.0,22.0,29.0,22.0,23.0,14.0,15.0,17.0,10.0,18.0,14.0,12.0,7.0,10.0,3.0,3.0,1.0,2.0,9.0,10.0,4.0,12.0,15.0,28.0,25.0,5.0,19.0,29.0,20.0,18.0,27.0,19.0,18.0,20.0,25.0,42.0,31.0,32.0,28.0,23.0,16.0,11.0,25.0,32.0,28.0,30.0,43.0,53.0,32.0,21.0,14.0,9.0,11.0,2.0,5.0,2.0,4.0,5.0,3.0,1.0,3.0,1.0,13.0,13.0,21.0,8.0,7.0,8.0,8.0,1.0,0.0,1.0,0.0,0.0,0.0,0.0,0.0,0.0,0.0,0.0,0.0
Valparaiso,05,Limache,05802,49931.0,0,0.0,0.0,0.0,0.0,1.0,0.0,0.0,0.0,0.0,0.0,0.0,1.0,0.0,1.0,3.0,31.0,39.0,36.0,36.0,48.0,19.0,17.0,19.0,5.0,30.0,9.0,18.0,18.0,16.0,4.0,7.0,11.0,6.0,9.0,7.0,5.0,6.0,5.0,9.0,4.0,9.0,5.0,7.0,5.0,3.0,15.0,25.0,14.0,9.0,20.0,19.0,12.0,22.0,12.0,21.0,40.0,50.0,49.0,31.0,47.0,48.0,46.0,43.0,37.0,54.0,27.0,36.0,50.0,48.0,41.0,31.0,21.0,14.0,6.0,16.0,20.0,9.0,2.0,9.0,4.0,2.0,3.0,2.0,0.0,7.0,1.0,9.0,6.0,6.0,6.0,5.0,6.0,0.0,0.0,0.0,0.0,0.0,0.0,0.0,0.0,0.0,0.0,0.0
Valparaiso,05,Llaillay,05703,26533.0,0,0.0,0.0,0.0,0.0,0.0,0.0,0.0,0.0,0.0,0.0,1.0,0.0,0.0,0.0,5.0,4.0,5.0,13.0,12.0,13.0,25.0,10.0,11.0,5.0,20.0,1.0,7.0,18.0,11.0,4.0,5.0,3.0,2.0,4.0,8.0,4.0,2.0,5.0,3.0,0.0,0.0,0.0,2.0,0.0,0.0,2.0,5.0,4.0,1.0,1.0,2.0,0.0,2.0,3.0,9.0,13.0,17.0,7.0,5.0,3.0,2.0,6.0,2.0,5.0,3.0,5.0,7.0,18.0,25.0,26.0,26.0,27.0,17.0,11.0,10.0,4.0,2.0,6.0,0.0,2.0,0.0,0.0,0.0,1.0,3.0,0.0,4.0,1.0,1.0,2.0,4.0,1.0,0.0,0.0,0.0,0.0,0.0,0.0,0.0,0.0,0.0,0.0,0.0
Valparaiso,05,Los Andes,05301,68093.0,0,0.0,0.0,0.0,0.0,0.0,0.0,0.0,1.0,0.0,0.0,0.0,1.0,0.0,4.0,9.0,17.0,17.0,23.0,22.0,16.0,12.0,6.0,5.0,4.0,8.0,2.0,2.0,7.0,7.0,6.0,11.0,16.0,7.0,5.0,10.0,2.0,7.0,2.0,3.0,0.0,1.0,1.0,2.0,1.0,1.0,4.0,7.0,6.0,12.0,9.0,17.0,23.0,14.0,12.0,11.0,12.0,17.0,26.0,32.0,28.0,18.0,22.0,19.0,45.0,21.0,10.0,31.0,43.0,36.0,39.0,31.0,33.0,26.0,7.0,14.0,15.0,10.0,9.0,3.0,5.0,3.0,1.0,0.0,2.0,3.0,1.0,7.0,4.0,6.0,3.0,7.0,2.0,1.0,0.0,0.0,0.0,0.0,0.0,0.0,0.0,0.0,1.0,0.0
Valparaiso,05,Nogales,05506,23490.0,0,0.0,0.0,0.0,0.0,0.0,0.0,0.0,0.0,0.0,0.0,0.0,0.0,0.0,0.0,0.0,1.0,1.0,5.0,4.0,2.0,3.0,5.0,6.0,4.0,7.0,3.0,4.0,7.0,3.0,4.0,0.0,1.0,1.0,4.0,5.0,1.0,1.0,0.0,0.0,0.0,0.0,0.0,1.0,2.0,4.0,4.0,2.0,5.0,5.0,4.0,4.0,12.0,7.0,7.0,8.0,10.0,11.0,15.0,12.0,17.0,12.0,11.0,9.0,6.0,9.0,7.0,4.0,3.0,10.0,6.0,7.0,3.0,4.0,5.0,5.0,1.0,0.0,2.0,0.0,0.0,0.0,0.0,0.0,0.0,0.0,0.0,0.0,0.0,0.0,0.0,0.0,0.0,0.0,0.0,0.0,0.0,0.0,0.0,0.0,0.0,0.0,0.0,0.0
Valparaiso,05,Olmue,05803,19266.0,0,0.0,0.0,0.0,0.0,0.0,0.0,0.0,0.0,0.0,0.0,0.0,0.0,0.0,0.0,2.0,1.0,7.0,2.0,4.0,7.0,4.0,2.0,3.0,0.0,8.0,2.0,1.0,1.0,2.0,0.0,1.0,3.0,4.0,5.0,7.0,1.0,1.0,3.0,1.0,1.0,0.0,0.0,5.0,4.0,0.0,1.0,2.0,11.0,4.0,14.0,9.0,2.0,9.0,4.0,3.0,9.0,6.0,9.0,6.0,4.0,10.0,6.0,8.0,9.0,12.0,15.0,6.0,9.0,13.0,16.0,6.0,4.0,4.0,3.0,1.0,1.0,9.0,8.0,3.0,3.0,0.0,0.0,0.0,0.0,0.0,1.0,1.0,1.0,0.0,8.0,10.0,1.0,0.0,0.0,0.0,0.0,0.0,0.0,0.0,0.0,0.0,0.0,0.0
Valparaiso,05,Panquehue,05704,7633.0,0,0.0,0.0,0.0,0.0,0.0,0.0,0.0,0.0,0.0,0.0,0.0,0.0,0.0,0.0,1.0,3.0,1.0,1.0,1.0,2.0,2.0,1.0,0.0,0.0,0.0,0.0,0.0,1.0,0.0,0.0,0.0,1.0,0.0,0.0,1.0,0.0,0.0,0.0,0.0,0.0,0.0,0.0,0.0,0.0,0.0,0.0,0.0,0.0,0.0,3.0,3.0,7.0,0.0,0.0,0.0,2.0,2.0,5.0,6.0,5.0,7.0,1.0,7.0,5.0,11.0,5.0,3.0,15.0,10.0,16.0,4.0,3.0,2.0,1.0,1.0,0.0,1.0,0.0,0.0,1.0,0.0,1.0,0.0,1.0,3.0,1.0,1.0,1.0,1.0,1.0,0.0,3.0,0.0,0.0,0.0,0.0,0.0,0.0,0.0,0.0,0.0,0.0,0.0
Valparaiso,05,Papudo,05403,6201.0,0,0.0,0.0,0.0,0.0,0.0,0.0,0.0,0.0,0.0,0.0,0.0,0.0,0.0,0.0,1.0,3.0,4.0,2.0,3.0,2.0,1.0,1.0,3.0,5.0,4.0,3.0,3.0,0.0,1.0,4.0,11.0,6.0,0.0,1.0,0.0,0.0,1.0,0.0,0.0,0.0,0.0,0.0,0.0,0.0,0.0,0.0,0.0,0.0,0.0,1.0,1.0,1.0,0.0,1.0,3.0,1.0,0.0,1.0,3.0,2.0,2.0,5.0,0.0,0.0,1.0,6.0,2.0,4.0,0.0,4.0,6.0,0.0,4.0,0.0,1.0,0.0,3.0,0.0,0.0,0.0,0.0,1.0,0.0,0.0,0.0,0.0,0.0,1.0,0.0,0.0,0.0,0.0,0.0,0.0,0.0,0.0,0.0,0.0,0.0,0.0,0.0,0.0,0.0
Valparaiso,05,Petorca,05404,10558.0,0,0.0,0.0,0.0,0.0,0.0,0.0,0.0,0.0,0.0,0.0,0.0,0.0,0.0,1.0,0.0,0.0,0.0,2.0,1.0,7.0,4.0,5.0,5.0,9.0,7.0,1.0,0.0,0.0,0.0,0.0,0.0,0.0,0.0,0.0,2.0,0.0,1.0,0.0,0.0,0.0,0.0,1.0,0.0,0.0,0.0,0.0,2.0,0.0,0.0,4.0,0.0,1.0,3.0,4.0,3.0,3.0,3.0,2.0,1.0,4.0,4.0,0.0,2.0,2.0,2.0,2.0,6.0,7.0,10.0,8.0,2.0,6.0,5.0,5.0,3.0,4.0,2.0,2.0,0.0,0.0,0.0,0.0,0.0,0.0,0.0,0.0,0.0,1.0,3.0,3.0,6.0,0.0,2.0,0.0,0.0,0.0,0.0,0.0,0.0,0.0,0.0,0.0,0.0
Valparaiso,05,Puchuncavi,05105,20071.0,0,0.0,0.0,0.0,0.0,0.0,0.0,0.0,0.0,0.0,0.0,0.0,0.0,0.0,1.0,0.0,4.0,8.0,4.0,6.0,6.0,3.0,3.0,2.0,5.0,2.0,3.0,1.0,1.0,4.0,2.0,0.0,1.0,0.0,1.0,2.0,3.0,3.0,1.0,0.0,2.0,2.0,2.0,1.0,1.0,6.0,2.0,3.0,2.0,1.0,3.0,7.0,4.0,8.0,6.0,6.0,12.0,11.0,11.0,22.0,9.0,11.0,9.0,8.0,2.0,4.0,4.0,8.0,2.0,12.0,15.0,7.0,10.0,8.0,5.0,1.0,2.0,3.0,0.0,2.0,0.0,0.0,2.0,1.0,3.0,2.0,6.0,2.0,3.0,0.0,12.0,3.0,5.0,1.0,0.0,0.0,0.0,0.0,0.0,0.0,1.0,0.0,0.0,0.0
Valparaiso,05,Putaendo,05705,17645.0,0,0.0,0.0,0.0,0.0,0.0,0.0,0.0,0.0,0.0,0.0,0.0,0.0,0.0,0.0,1.0,3.0,2.0,3.0,7.0,1.0,2.0,0.0,3.0,3.0,1.0,0.0,0.0,0.0,2.0,1.0,2.0,4.0,6.0,4.0,0.0,0.0,1.0,4.0,1.0,2.0,0.0,0.0,0.0,1.0,0.0,0.0,4.0,0.0,2.0,1.0,0.0,3.0,1.0,6.0,4.0,5.0,3.0,7.0,7.0,11.0,6.0,2.0,6.0,6.0,7.0,6.0,18.0,10.0,16.0,8.0,9.0,9.0,8.0,3.0,5.0,1.0,2.0,3.0,0.0,1.0,1.0,2.0,1.0,0.0,2.0,0.0,0.0,3.0,6.0,5.0,1.0,5.0,0.0,0.0,0.0,0.0,0.0,0.0,0.0,0.0,0.0,0.0,0.0
Valparaiso,05,Quillota,05501,97572.0,0,0.0,0.0,0.0,0.0,0.0,0.0,0.0,0.0,0.0,0.0,0.0,1.0,2.0,9.0,21.0,56.0,74.0,72.0,70.0,89.0,65.0,40.0,46.0,35.0,43.0,27.0,26.0,25.0,30.0,20.0,8.0,14.0,7.0,10.0,9.0,5.0,3.0,5.0,6.0,6.0,3.0,8.0,25.0,7.0,12.0,22.0,17.0,19.0,15.0,24.0,26.0,20.0,33.0,42.0,60.0,76.0,83.0,67.0,80.0,72.0,68.0,69.0,49.0,69.0,56.0,59.0,62.0,85.0,57.0,39.0,53.0,38.0,27.0,18.0,13.0,15.0,13.0,9.0,1.0,2.0,5.0,6.0,2.0,15.0,8.0,6.0,20.0,21.0,24.0,36.0,20.0,5.0,1.0,0.0,0.0,1.0,0.0,0.0,0.0,0.0,0.0,0.0,0.0
Valparaiso,05,Quilpue,05801,167085.0,0,0.0,0.0,0.0,0.0,0.0,0.0,0.0,0.0,0.0,0.0,0.0,1.0,2.0,3.0,30.0,53.0,58.0,91.0,60.0,66.0,75.0,46.0,29.0,31.0,37.0,30.0,9.0,15.0,13.0,28.0,36.0,37.0,59.0,32.0,54.0,47.0,43.0,44.0,45.0,36.0,32.0,41.0,57.0,37.0,41.0,37.0,67.0,70.0,66.0,50.0,50.0,46.0,79.0,74.0,96.0,138.0,198.0,190.0,119.0,145.0,144.0,137.0,111.0,100.0,82.0,99.0,110.0,158.0,135.0,148.0,93.0,89.0,70.0,44.0,37.0,21.0,21.0,28.0,20.0,13.0,5.0,2.0,2.0,9.0,15.0,22.0,26.0,34.0,22.0,26.0,40.0,31.0,1.0,0.0,1.0,1.0,0.0,0.0,0.0,0.0,2.0,2.0,0.0
Valparaiso,05,Quintero,05107,36135.0,0,0.0,0.0,0.0,0.0,0.0,0.0,0.0,0.0,0.0,0.0,0.0,1.0,0.0,1.0,7.0,8.0,9.0,19.0,15.0,12.0,16.0,16.0,13.0,7.0,4.0,4.0,5.0,12.0,6.0,4.0,11.0,9.0,7.0,5.0,16.0,13.0,8.0,9.0,10.0,2.0,4.0,5.0,2.0,10.0,3.0,7.0,16.0,10.0,12.0,12.0,5.0,4.0,10.0,6.0,9.0,8.0,6.0,12.0,13.0,14.0,16.0,23.0,20.0,13.0,20.0,17.0,12.0,12.0,21.0,6.0,14.0,4.0,14.0,10.0,6.0,12.0,6.0,9.0,1.0,1.0,3.0,5.0,2.0,3.0,5.0,9.0,5.0,13.0,12.0,11.0,13.0,2.0,0.0,0.0,0.0,0.0,0.0,0.0,0.0,0.0,0.0,0.0,0.0
Valparaiso,05,Rinconada,05303,11263.0,0,0.0,0.0,0.0,0.0,0.0,0.0,0.0,0.0,0.0,0.0,0.0,0.0,0.0,0.0,0.0,2.0,1.0,7.0,8.0,5.0,2.0,0.0,4.0,0.0,0.0,0.0,0.0,1.0,0.0,0.0,0.0,1.0,2.0,4.0,1.0,0.0,0.0,0.0,0.0,0.0,0.0,0.0,1.0,0.0,0.0,0.0,1.0,1.0,2.0,2.0,4.0,6.0,0.0,1.0,1.0,1.0,3.0,0.0,3.0,3.0,3.0,5.0,3.0,5.0,4.0,3.0,8.0,12.0,29.0,6.0,5.0,2.0,4.0,2.0,4.0,1.0,0.0,2.0,2.0,0.0,0.0,0.0,0.0,0.0,0.0,0.0,0.0,0.0,0.0,0.0,0.0,1.0,0.0,0.0,0.0,0.0,0.0,0.0,0.0,0.0,0.0,0.0,0.0
Valparaiso,05,San Antonio,05601,96761.0,0,0.0,0.0,0.0,0.0,0.0,0.0,0.0,0.0,0.0,0.0,2.0,0.0,0.0,0.0,3.0,1.0,2.0,4.0,6.0,3.0,4.0,7.0,4.0,1.0,1.0,0.0,1.0,3.0,2.0,1.0,2.0,2.0,2.0,1.0,0.0,1.0,1.0,2.0,0.0,0.0,0.0,4.0,2.0,6.0,7.0,5.0,8.0,4.0,3.0,19.0,24.0,33.0,78.0,58.0,62.0,37.0,35.0,46.0,48.0,59.0,57.0,46.0,45.0,49.0,42.0,84.0,70.0,62.0,55.0,51.0,40.0,49.0,32.0,13.0,12.0,14.0,24.0,14.0,3.0,11.0,5.0,5.0,2.0,11.0,9.0,22.0,24.0,25.0,23.0,25.0,35.0,11.0,1.0,0.0,1.0,0.0,0.0,0.0,0.0,0.0,1.0,1.0,0.0
Valparaiso,05,San Esteban,05304,20643.0,0,0.0,0.0,0.0,0.0,0.0,0.0,0.0,0.0,0.0,0.0,0.0,0.0,0.0,0.0,0.0,4.0,4.0,6.0,9.0,9.0,11.0,3.0,4.0,3.0,8.0,4.0,3.0,1.0,0.0,0.0,0.0,0.0,5.0,3.0,9.0,1.0,1.0,0.0,1.0,0.0,1.0,1.0,1.0,5.0,2.0,2.0,5.0,2.0,4.0,3.0,1.0,6.0,6.0,3.0,4.0,1.0,3.0,10.0,8.0,16.0,14.0,13.0,6.0,8.0,5.0,7.0,17.0,14.0,5.0,9.0,7.0,11.0,7.0,3.0,4.0,3.0,2.0,0.0,5.0,1.0,0.0,0.0,0.0,5.0,0.0,1.0,3.0,4.0,0.0,0.0,0.0,2.0,0.0,0.0,0.0,0.0,0.0,0.0,0.0,0.0,0.0,0.0,0.0
Valparaiso,05,San Felipe,05701,83494.0,0,0.0,0.0,0.0,0.0,0.0,1.0,0.0,0.0,0.0,0.0,0.0,1.0,0.0,0.0,14.0,47.0,43.0,37.0,51.0,44.0,23.0,13.0,2.0,29.0,40.0,28.0,9.0,12.0,13.0,30.0,18.0,22.0,14.0,17.0,10.0,12.0,6.0,18.0,13.0,6.0,2.0,8.0,8.0,6.0,3.0,11.0,21.0,23.0,17.0,11.0,12.0,18.0,10.0,14.0,24.0,29.0,17.0,33.0,57.0,58.0,49.0,48.0,43.0,34.0,60.0,54.0,71.0,95.0,101.0,97.0,56.0,40.0,35.0,10.0,21.0,18.0,5.0,7.0,12.0,8.0,2.0,2.0,0.0,8.0,10.0,4.0,6.0,6.0,14.0,7.0,3.0,3.0,0.0,0.0,1.0,0.0,0.0,1.0,0.0,0.0,0.0,0.0,0.0
Valparaiso,05,Santa Maria,05706,16367.0,0,0.0,0.0,0.0,0.0,0.0,0.0,0.0,0.0,0.0,0.0,0.0,0.0,0.0,0.0,1.0,3.0,8.0,15.0,9.0,14.0,4.0,4.0,3.0,1.0,1.0,1.0,2.0,3.0,0.0,1.0,1.0,3.0,0.0,0.0,2.0,0.0,0.0,2.0,0.0,0.0,0.0,0.0,0.0,0.0,0.0,0.0,0.0,0.0,1.0,0.0,3.0,2.0,1.0,2.0,0.0,7.0,8.0,8.0,8.0,8.0,6.0,10.0,15.0,11.0,15.0,13.0,13.0,10.0,21.0,13.0,13.0,6.0,5.0,0.0,5.0,0.0,0.0,0.0,3.0,2.0,0.0,0.0,0.0,1.0,0.0,0.0,0.0,1.0,0.0,0.0,0.0,0.0,0.0,0.0,0.0,0.0,0.0,0.0,0.0,0.0,0.0,0.0,0.0
Valparaiso,05,Santo Domingo,05606,11934.0,0,0.0,0.0,0.0,0.0,0.0,0.0,0.0,0.0,0.0,0.0,0.0,0.0,0.0,0.0,0.0,4.0,4.0,0.0,1.0,0.0,0.0,0.0,0.0,0.0,0.0,0.0,1.0,1.0,0.0,0.0,0.0,0.0,0.0,1.0,0.0,0.0,0.0,0.0,0.0,1.0,0.0,0.0,0.0,0.0,1.0,4.0,0.0,0.0,1.0,5.0,1.0,7.0,3.0,4.0,2.0,2.0,5.0,3.0,2.0,4.0,5.0,2.0,13.0,3.0,9.0,6.0,13.0,8.0,10.0,5.0,4.0,4.0,3.0,4.0,4.0,1.0,0.0,2.0,0.0,0.0,0.0,0.0,1.0,1.0,0.0,0.0,1.0,1.0,1.0,4.0,5.0,1.0,0.0,0.0,0.0,0.0,0.0,0.0,0.0,1.0,0.0,0.0,0.0
Valparaiso,05,Valparaiso,05101,315732.0,0,0.0,0.0,0.0,0.0,0.0,0.0,0.0,1.0,0.0,0.0,0.0,2.0,5.0,12.0,42.0,126.0,206.0,184.0,134.0,120.0,113.0,89.0,106.0,116.0,108.0,93.0,138.0,109.0,146.0,129.0,75.0,110.0,84.0,66.0,66.0,54.0,33.0,54.0,60.0,68.0,49.0,50.0,60.0,85.0,83.0,169.0,190.0,183.0,188.0,160.0,148.0,147.0,152.0,215.0,234.0,294.0,381.0,417.0,375.0,360.0,355.0,311.0,236.0,196.0,205.0,187.0,217.0,201.0,189.0,189.0,167.0,155.0,129.0,65.0,57.0,47.0,59.0,41.0,19.0,22.0,15.0,4.0,13.0,14.0,16.0,21.0,28.0,25.0,42.0,50.0,59.0,32.0,1.0,0.0,0.0,0.0,0.0,0.0,0.0,1.0,1.0,0.0,0.0
Valparaiso,05,Villa Alemana,05804,139310.0,0,0.0,0.0,0.0,0.0,0.0,0.0,0.0,0.0,0.0,0.0,0.0,0.0,1.0,5.0,23.0,87.0,90.0,86.0,55.0,72.0,66.0,37.0,30.0,43.0,54.0,55.0,46.0,35.0,61.0,53.0,41.0,54.0,32.0,41.0,35.0,40.0,15.0,25.0,26.0,21.0,25.0,22.0,27.0,27.0,33.0,54.0,61.0,60.0,40.0,34.0,63.0,51.0,49.0,56.0,64.0,95.0,154.0,142.0,147.0,140.0,138.0,127.0,103.0,112.0,86.0,98.0,108.0,101.0,118.0,111.0,95.0,84.0,55.0,37.0,20.0,19.0,18.0,13.0,21.0,11.0,5.0,5.0,3.0,6.0,14.0,12.0,17.0,22.0,19.0,22.0,27.0,10.0,2.0,0.0,0.0,0.0,0.0,0.0,0.0,0.0,0.0,0.0,0.0
Valparaiso,05,Vina del Mar,05109,361371.0,0,0.0,0.0,0.0,0.0,0.0,0.0,0.0,0.0,0.0,0.0,1.0,1.0,3.0,8.0,32.0,97.0,116.0,152.0,157.0,123.0,108.0,86.0,68.0,80.0,130.0,133.0,117.0,144.0,115.0,119.0,80.0,124.0,79.0,76.0,50.0,53.0,49.0,52.0,67.0,77.0,76.0,85.0,82.0,77.0,69.0,157.0,175.0,196.0,210.0,176.0,162.0,134.0,155.0,134.0,197.0,245.0,357.0,365.0,351.0,470.0,378.0,354.0,294.0,300.0,252.0,249.0,237.0,228.0,235.0,225.0,199.0,142.0,124.0,73.0,59.0,35.0,34.0,26.0,29.0,17.0,12.0,6.0,16.0,24.0,28.0,25.0,32.0,32.0,52.0,74.0,76.0,45.0,5.0,0.0,3.0,0.0,0.0,0.0,1.0,2.0,0.0,3.0,0.0
Valparaiso,05,Zapallar,05405,7994.0,0,0.0,0.0,0.0,0.0,0.0,0.0,1.0,0.0,0.0,0.0,0.0,0.0,0.0,0.0,0.0,0.0,1.0,4.0,5.0,2.0,4.0,2.0,1.0,0.0,0.0,2.0,1.0,1.0,5.0,0.0,3.0,0.0,0.0,0.0,0.0,0.0,0.0,0.0,0.0,0.0,0.0,0.0,0.0,0.0,0.0,3.0,1.0,7.0,2.0,1.0,1.0,1.0,3.0,1.0,0.0,1.0,1.0,5.0,4.0,5.0,5.0,1.0,2.0,1.0,2.0,1.0,6.0,8.0,11.0,2.0,4.0,4.0,6.0,1.0,6.0,0.0,3.0,1.0,1.0,0.0,0.0,0.0,0.0,0.0,0.0,1.0,2.0,1.0,1.0,0.0,2.0,2.0,0.0,0.0,0.0,0.0,0.0,0.0,0.0,1.0,0.0,0.0,0.0
Valparaiso,05,Desconocido Valparaiso,,,0,0.0,0.0,0.0,0.0,0.0,0.0,0.0,0.0,0.0,0.0,0.0,0.0,0.0,0.0,0.0,0.0,0.0,0.0,0.0,0.0,0.0,0.0,0.0,0.0,0.0,0.0,0.0,0.0,0.0,0.0,0.0,0.0,0.0,0.0,0.0,0.0,0.0,0.0,0.0,0.0,0.0,0.0,0.0,0.0,0.0,0.0,0.0,0.0,0.0,0.0,0.0,0.0,0.0,0.0,0.0,0.0,0.0,0.0,0.0,0.0,0.0,2.0,0.0,0.0,0.0,0.0,1.0,2.0,2.0,2.0,0.0,0.0,0.0,0.0,0.0,0.0,0.0,0.0,1.0,0.0,0.0,0.0,0.0,0.0,0.0,0.0,0.0,0.0,0.0,0.0,0.0,0.0,0.0,0.0,0.0,0.0,0.0,0.0,0.0,0.0,0.0,0.0,0.0
Valparaiso,05,Total,,1960170.0,0.0,0.0,0.0,0.0,0.0,2.0,1.0,1.0,2.0,0.0,0.0,4.0,9.0,15.0,53.0,212.0,616.0,773.0,867.0,826.0,774.0,679.0,484.0,473.0,480.0,628.0,529.0,471.0,503.0,551.0,512.0,384.0,506.0,395.0,342.0,331.0,267.0,223.0,269.0,272.0,253.0,249.0,272.0,302.0,320.0,325.0,599.0,743.0,755.0,703.0,662.0,672.0,678.0,752.0,796.0,1007.0,1220.0,1607.0,1755.0,1682.0,1818.0,1650.0,1512.0,1249.0,1237.0,1178.0,1210.0,1336.0,1484.0,1511.0,1389.0,1109.0,899.0,717.0,402.0,382.0,283.0,280.0,222.0,164.0,146.0,78.0,61.0,57.0,127.0,164.0,176.0,248.0,273.0,289.0,386.0,386.0,206.0,18.0,1.0,6.0,2.0,0.0,1.0,1.0,6.0,4.0,9.0,0.0
,,,,,,,,,,,,,,,,,,,,,,,,,,,,,,,,,,,,,,,,,,,,,,,,,,,,,,,,,,,,,,,,,,,,,,,,,,,,,,,,,,,,,,,,,,,,,,,,,,,,,,,,,,,,
Metropolitana,13,Alhue,13502,7405.0,0,0.0,0.0,0.0,0.0,0.0,0.0,1.0,0.0,0.0,0.0,0.0,0.0,0.0,0.0,0.0,1.0,7.0,4.0,5.0,5.0,3.0,2.0,0.0,1.0,3.0,3.0,3.0,1.0,5.0,2.0,1.0,3.0,2.0,0.0,2.0,5.0,0.0,1.0,0.0,0.0,2.0,0.0,0.0,0.0,0.0,3.0,0.0,0.0,0.0,0.0,2.0,0.0,2.0,3.0,3.0,0.0,0.0,1.0,5.0,8.0,7.0,2.0,2.0,7.0,5.0,1.0,9.0,4.0,12.0,9.0,2.0,12.0,5.0,5.0,1.0,0.0,1.0,1.0,0.0,0.0,0.0,0.0,0.0,0.0,0.0,6.0,2.0,0.0,0.0,4.0,0.0,4.0,0.0,0.0,0.0,0.0,0.0,0.0,0.0,0.0,0.0,0.0,0.0
Metropolitana,13,Buin,13402,109641.0,0,0.0,0.0,0.0,0.0,0.0,0.0,0.0,0.0,0.0,0.0,1.0,1.0,1.0,5.0,27.0,68.0,70.0,33.0,37.0,37.0,35.0,1.0,0.0,6.0,35.0,16.0,21.0,32.0,28.0,7.0,12.0,15.0,17.0,14.0,5.0,4.0,6.0,6.0,2.0,8.0,5.0,4.0,9.0,3.0,6.0,22.0,9.0,9.0,9.0,17.0,26.0,22.0,22.0,15.0,34.0,42.0,58.0,90.0,105.0,82.0,86.0,108.0,104.0,75.0,106.0,116.0,123.0,153.0,161.0,98.0,95.0,64.0,40.0,32.0,32.0,39.0,17.0,17.0,25.0,26.0,9.0,7.0,7.0,10.0,7.0,9.0,20.0,22.0,26.0,26.0,30.0,8.0,0.0,0.0,1.0,1.0,0.0,0.0,0.0,0.0,0.0,0.0,0.0
Metropolitana,13,Calera de Tango,13403,28525.0,0,0.0,0.0,0.0,0.0,0.0,0.0,0.0,0.0,0.0,0.0,0.0,2.0,2.0,2.0,13.0,12.0,27.0,11.0,25.0,13.0,8.0,3.0,0.0,0.0,1.0,1.0,0.0,4.0,6.0,1.0,0.0,0.0,0.0,0.0,0.0,1.0,0.0,4.0,5.0,1.0,1.0,0.0,4.0,4.0,6.0,2.0,3.0,1.0,10.0,4.0,9.0,5.0,15.0,2.0,11.0,18.0,12.0,37.0,20.0,35.0,40.0,27.0,20.0,30.0,18.0,22.0,34.0,27.0,32.0,20.0,32.0,30.0,10.0,9.0,2.0,3.0,16.0,6.0,0.0,4.0,2.0,1.0,4.0,3.0,1.0,4.0,2.0,8.0,6.0,12.0,11.0,8.0,0.0,0.0,0.0,0.0,0.0,0.0,0.0,0.0,0.0,0.0,0.0
Metropolitana,13,Cerrillos,13102,88956.0,0,0.0,0.0,0.0,0.0,0.0,0.0,0.0,0.0,0.0,0.0,2.0,1.0,4.0,7.0,40.0,84.0,77.0,32.0,29.0,46.0,13.0,4.0,0.0,4.0,4.0,5.0,9.0,2.0,7.0,6.0,2.0,3.0,7.0,4.0,1.0,0.0,1.0,3.0,10.0,4.0,3.0,4.0,3.0,1.0,0.0,2.0,2.0,2.0,5.0,10.0,8.0,15.0,14.0,19.0,30.0,35.0,35.0,33.0,40.0,42.0,43.0,41.0,35.0,29.0,32.0,47.0,40.0,63.0,34.0,49.0,30.0,29.0,18.0,12.0,7.0,9.0,6.0,20.0,10.0,10.0,7.0,7.0,6.0,3.0,6.0,6.0,8.0,13.0,13.0,18.0,8.0,10.0,1.0,0.0,0.0,0.0,0.0,0.0,0.0,0.0,0.0,2.0,0.0
Metropolitana,13,Cerro Navia,13103,142465.0,0,0.0,0.0,1.0,0.0,0.0,0.0,0.0,0.0,0.0,0.0,2.0,8.0,15.0,26.0,52.0,74.0,106.0,98.0,74.0,40.0,28.0,13.0,3.0,10.0,15.0,10.0,16.0,17.0,18.0,26.0,16.0,20.0,8.0,16.0,6.0,5.0,7.0,11.0,11.0,18.0,13.0,13.0,15.0,5.0,30.0,27.0,29.0,26.0,36.0,53.0,36.0,24.0,21.0,16.0,35.0,42.0,44.0,83.0,83.0,100.0,77.0,122.0,114.0,125.0,119.0,140.0,146.0,130.0,112.0,107.0,70.0,49.0,30.0,34.0,30.0,21.0,19.0,22.0,5.0,4.0,11.0,6.0,9.0,16.0,16.0,17.0,34.0,35.0,31.0,38.0,44.0,20.0,1.0,0.0,0.0,0.0,0.0,0.0,0.0,0.0,0.0,1.0,0.0
Metropolitana,13,Colina,13301,180353.0,0,0.0,0.0,0.0,0.0,0.0,1.0,1.0,0.0,0.0,0.0,2.0,8.0,4.0,10.0,43.0,59.0,58.0,52.0,27.0,26.0,31.0,10.0,6.0,5.0,15.0,6.0,22.0,22.0,27.0,11.0,13.0,14.0,10.0,18.0,7.0,13.0,9.0,13.0,8.0,12.0,6.0,5.0,8.0,17.0,5.0,25.0,36.0,28.0,42.0,37.0,29.0,30.0,41.0,34.0,44.0,45.0,81.0,103.0,131.0,134.0,125.0,119.0,112.0,118.0,120.0,155.0,199.0,235.0,171.0,160.0,125.0,91.0,56.0,36.0,40.0,37.0,19.0,15.0,17.0,14.0,6.0,9.0,18.0,15.0,18.0,28.0,19.0,35.0,45.0,49.0,52.0,30.0,4.0,1.0,0.0,0.0,0.0,0.0,1.0,1.0,0.0,2.0,0.0
Metropolitana,13,Conchali,13104,139195.0,0,0.0,0.0,1.0,0.0,0.0,0.0,0.0,2.0,1.0,1.0,5.0,15.0,18.0,23.0,59.0,114.0,123.0,128.0,88.0,66.0,40.0,9.0,6.0,8.0,17.0,26.0,12.0,23.0,18.0,21.0,10.0,6.0,12.0,8.0,6.0,13.0,13.0,4.0,18.0,12.0,9.0,17.0,15.0,16.0,11.0,21.0,12.0,28.0,27.0,23.0,23.0,43.0,32.0,25.0,47.0,46.0,85.0,104.0,132.0,115.0,117.0,94.0,111.0,74.0,89.0,116.0,106.0,117.0,120.0,69.0,70.0,41.0,35.0,30.0,13.0,17.0,17.0,11.0,10.0,5.0,6.0,6.0,14.0,19.0,22.0,25.0,44.0,24.0,46.0,47.0,40.0,17.0,1.0,0.0,0.0,1.0,0.0,0.0,0.0,0.0,0.0,1.0,0.0
Metropolitana,13,Curacavi,13503,36430.0,0,0.0,0.0,0.0,0.0,0.0,0.0,0.0,0.0,0.0,0.0,0.0,0.0,1.0,0.0,6.0,3.0,10.0,15.0,12.0,10.0,7.0,4.0,2.0,0.0,2.0,1.0,3.0,5.0,7.0,5.0,3.0,0.0,0.0,0.0,0.0,0.0,1.0,3.0,0.0,2.0,1.0,4.0,7.0,5.0,0.0,8.0,2.0,2.0,5.0,2.0,4.0,3.0,3.0,3.0,14.0,21.0,23.0,24.0,38.0,33.0,50.0,29.0,22.0,28.0,31.0,37.0,60.0,71.0,59.0,36.0,23.0,21.0,11.0,5.0,14.0,16.0,12.0,2.0,4.0,9.0,5.0,5.0,10.0,9.0,0.0,4.0,14.0,16.0,10.0,19.0,12.0,4.0,0.0,0.0,0.0,0.0,0.0,0.0,0.0,0.0,0.0,0.0,0.0
Metropolitana,13,El Bosque,13105,172000.0,0,0.0,0.0,0.0,0.0,1.0,1.0,1.0,0.0,0.0,0.0,6.0,6.0,10.0,20.0,79.0,147.0,138.0,109.0,69.0,48.0,23.0,4.0,1.0,8.0,18.0,17.0,23.0,24.0,12.0,7.0,3.0,7.0,10.0,9.0,13.0,16.0,16.0,13.0,11.0,10.0,19.0,16.0,25.0,15.0,17.0,35.0,49.0,46.0,35.0,48.0,41.0,42.0,58.0,62.0,73.0,99.0,131.0,123.0,156.0,221.0,204.0,187.0,219.0,150.0,286.0,226.0,243.0,260.0,245.0,141.0,105.0,99.0,53.0,40.0,37.0,29.0,19.0,24.0,26.0,25.0,14.0,19.0,23.0,28.0,24.0,25.0,29.0,35.0,30.0,36.0,42.0,11.0,1.0,0.0,1.0,0.0,0.0,1.0,0.0,0.0,0.0,0.0,0.0
Metropolitana,13,El Monte,13602,40014.0,0,0.0,0.0,0.0,0.0,0.0,0.0,0.0,0.0,0.0,0.0,0.0,0.0,2.0,3.0,1.0,5.0,8.0,14.0,15.0,10.0,2.0,2.0,0.0,1.0,0.0,0.0,0.0,0.0,0.0,1.0,0.0,0.0,1.0,1.0,1.0,0.0,0.0,0.0,0.0,2.0,0.0,0.0,0.0,0.0,0.0,1.0,2.0,3.0,0.0,3.0,3.0,4.0,5.0,1.0,8.0,3.0,25.0,13.0,18.0,43.0,28.0,27.0,22.0,21.0,28.0,24.0,29.0,33.0,34.0,17.0,17.0,9.0,4.0,4.0,8.0,9.0,9.0,2.0,0.0,1.0,1.0,0.0,2.0,6.0,2.0,10.0,9.0,8.0,9.0,3.0,8.0,3.0,0.0,0.0,0.0,0.0,0.0,0.0,0.0,0.0,0.0,0.0,0.0
Metropolitana,13,Estacion Central,13106,206792.0,0,0.0,0.0,1.0,0.0,0.0,0.0,0.0,0.0,0.0,0.0,2.0,5.0,13.0,31.0,73.0,113.0,107.0,86.0,41.0,31.0,13.0,2.0,0.0,6.0,9.0,8.0,6.0,8.0,6.0,5.0,3.0,5.0,4.0,7.0,11.0,9.0,6.0,6.0,3.0,9.0,5.0,15.0,15.0,16.0,19.0,15.0,25.0,17.0,16.0,26.0,48.0,40.0,41.0,43.0,54.0,63.0,92.0,103.0,96.0,112.0,93.0,81.0,80.0,75.0,92.0,91.0,109.0,107.0,110.0,76.0,70.0,38.0,25.0,22.0,27.0,25.0,16.0,21.0,23.0,17.0,11.0,2.0,10.0,20.0,16.0,15.0,20.0,36.0,31.0,52.0,25.0,19.0,0.0,0.0,1.0,0.0,0.0,1.0,0.0,0.0,0.0,2.0,0.0
Metropolitana,13,Huechuraba,13107,112528.0,0,0.0,0.0,0.0,0.0,0.0,0.0,0.0,1.0,0.0,1.0,8.0,5.0,8.0,15.0,29.0,41.0,29.0,44.0,23.0,17.0,6.0,0.0,1.0,1.0,5.0,6.0,6.0,2.0,6.0,4.0,2.0,5.0,12.0,8.0,6.0,7.0,5.0,5.0,11.0,5.0,5.0,7.0,11.0,10.0,2.0,11.0,13.0,15.0,18.0,14.0,15.0,28.0,20.0,28.0,27.0,37.0,67.0,61.0,55.0,79.0,63.0,69.0,62.0,76.0,67.0,75.0,104.0,93.0,81.0,59.0,49.0,34.0,25.0,21.0,13.0,23.0,13.0,14.0,8.0,8.0,3.0,5.0,4.0,10.0,5.0,11.0,21.0,24.0,26.0,38.0,27.0,11.0,0.0,0.0,0.0,0.0,0.0,1.0,0.0,0.0,1.0,0.0,0.0
Metropolitana,13,Independencia,13108,142065.0,0,0.0,0.0,0.0,0.0,0.0,0.0,0.0,0.0,0.0,2.0,5.0,6.0,6.0,19.0,30.0,64.0,69.0,42.0,31.0,24.0,18.0,13.0,1.0,4.0,8.0,7.0,5.0,16.0,13.0,2.0,3.0,2.0,1.0,4.0,5.0,6.0,2.0,4.0,8.0,2.0,5.0,5.0,7.0,9.0,5.0,14.0,15.0,19.0,16.0,21.0,20.0,21.0,28.0,25.0,33.0,42.0,54.0,68.0,76.0,84.0,85.0,65.0,53.0,74.0,78.0,105.0,121.0,105.0,72.0,80.0,42.0,23.0,34.0,24.0,24.0,10.0,4.0,7.0,18.0,10.0,5.0,11.0,5.0,22.0,18.0,19.0,18.0,19.0,32.0,38.0,35.0,17.0,1.0,0.0,0.0,0.0,0.0,0.0,1.0,0.0,2.0,1.0,0.0
Metropolitana,13,Isla de Maipo,13603,40171.0,0,0.0,0.0,0.0,0.0,0.0,0.0,0.0,0.0,0.0,0.0,2.0,0.0,1.0,4.0,2.0,16.0,2.0,8.0,9.0,15.0,15.0,9.0,13.0,4.0,3.0,3.0,5.0,10.0,6.0,2.0,1.0,5.0,8.0,2.0,2.0,13.0,12.0,1.0,4.0,2.0,1.0,2.0,7.0,5.0,0.0,3.0,7.0,0.0,8.0,6.0,5.0,9.0,11.0,10.0,15.0,21.0,35.0,29.0,32.0,40.0,37.0,23.0,45.0,33.0,23.0,48.0,61.0,49.0,43.0,16.0,19.0,13.0,7.0,7.0,7.0,2.0,4.0,6.0,2.0,1.0,1.0,0.0,2.0,1.0,6.0,1.0,5.0,7.0,4.0,10.0,14.0,2.0,0.0,0.0,0.0,0.0,1.0,0.0,2.0,0.0,0.0,1.0,0.0
Metropolitana,13,La Cisterna,13109,100434.0,0,0.0,0.0,0.0,0.0,0.0,1.0,0.0,0.0,0.0,2.0,1.0,4.0,11.0,28.0,61.0,63.0,54.0,45.0,38.0,25.0,17.0,6.0,4.0,8.0,16.0,10.0,18.0,13.0,19.0,10.0,7.0,7.0,12.0,13.0,10.0,6.0,4.0,1.0,1.0,4.0,1.0,2.0,4.0,5.0,9.0,8.0,10.0,2.0,9.0,15.0,20.0,15.0,11.0,25.0,29.0,37.0,41.0,35.0,49.0,46.0,28.0,38.0,31.0,35.0,41.0,43.0,46.0,40.0,37.0,21.0,32.0,30.0,15.0,11.0,11.0,9.0,7.0,14.0,7.0,8.0,6.0,6.0,6.0,12.0,3.0,8.0,15.0,13.0,14.0,20.0,13.0,9.0,1.0,0.0,0.0,1.0,0.0,0.0,0.0,0.0,0.0,0.0,0.0
Metropolitana,13,La Florida,13110,402433.0,0,0.0,0.0,0.0,0.0,0.0,0.0,0.0,1.0,0.0,0.0,4.0,6.0,9.0,25.0,132.0,226.0,191.0,226.0,199.0,115.0,97.0,14.0,25.0,26.0,65.0,24.0,43.0,47.0,63.0,51.0,39.0,28.0,41.0,37.0,30.0,20.0,25.0,26.0,20.0,25.0,28.0,32.0,36.0,42.0,51.0,64.0,84.0,82.0,65.0,81.0,114.0,94.0,86.0,94.0,129.0,183.0,238.0,266.0,279.0,277.0,291.0,234.0,252.0,197.0,259.0,281.0,311.0,309.0,268.0,218.0,171.0,100.0,79.0,38.0,58.0,67.0,53.0,73.0,46.0,47.0,28.0,26.0,27.0,24.0,40.0,33.0,44.0,50.0,51.0,72.0,56.0,38.0,4.0,0.0,0.0,0.0,2.0,1.0,2.0,0.0,1.0,2.0,0.0
Metropolitana,13,La Granja,13111,122557.0,0,0.0,0.0,0.0,0.0,0.0,0.0,0.0,0.0,0.0,0.0,3.0,1.0,9.0,15.0,90.0,167.0,152.0,181.0,120.0,118.0,58.0,4.0,4.0,10.0,20.0,16.0,14.0,8.0,14.0,16.0,24.0,19.0,30.0,9.0,15.0,15.0,11.0,19.0,13.0,19.0,16.0,15.0,16.0,12.0,14.0,22.0,28.0,31.0,26.0,28.0,38.0,23.0,19.0,23.0,33.0,56.0,80.0,72.0,81.0,105.0,92.0,108.0,100.0,112.0,153.0,113.0,135.0,149.0,188.0,93.0,81.0,38.0,23.0,30.0,18.0,18.0,17.0,9.0,16.0,8.0,7.0,5.0,11.0,18.0,22.0,13.0,11.0,10.0,17.0,19.0,27.0,10.0,2.0,0.0,0.0,0.0,0.0,0.0,0.0,1.0,1.0,0.0,0.0
Metropolitana,13,La Pintana,13112,189335.0,0,0.0,0.0,0.0,0.0,0.0,0.0,1.0,0.0,0.0,0.0,3.0,6.0,8.0,50.0,136.0,353.0,286.0,196.0,143.0,89.0,64.0,15.0,31.0,45.0,48.0,28.0,34.0,24.0,36.0,33.0,15.0,19.0,13.0,14.0,27.0,28.0,15.0,27.0,20.0,33.0,25.0,20.0,27.0,23.0,15.0,32.0,55.0,55.0,49.0,42.0,30.0,51.0,43.0,37.0,53.0,93.0,96.0,132.0,179.0,196.0,203.0,154.0,163.0,176.0,226.0,190.0,245.0,262.0,242.0,155.0,118.0,69.0,46.0,33.0,44.0,32.0,31.0,26.0,28.0,13.0,13.0,18.0,12.0,15.0,20.0,21.0,39.0,48.0,28.0,45.0,43.0,30.0,3.0,0.0,0.0,0.0,0.0,1.0,0.0,1.0,1.0,2.0,0.0
Metropolitana,13,La Reina,13113,100252.0,0,0.0,0.0,0.0,0.0,0.0,0.0,0.0,0.0,1.0,0.0,0.0,0.0,2.0,5.0,23.0,61.0,73.0,44.0,32.0,24.0,12.0,1.0,0.0,10.0,12.0,17.0,20.0,4.0,5.0,3.0,2.0,7.0,6.0,2.0,1.0,2.0,7.0,7.0,8.0,7.0,4.0,4.0,2.0,3.0,12.0,29.0,26.0,26.0,14.0,12.0,14.0,5.0,16.0,13.0,38.0,42.0,48.0,69.0,40.0,63.0,57.0,40.0,42.0,45.0,46.0,65.0,55.0,96.0,75.0,41.0,33.0,18.0,14.0,13.0,31.0,17.0,20.0,18.0,9.0,7.0,8.0,8.0,5.0,7.0,11.0,7.0,21.0,15.0,18.0,29.0,15.0,6.0,0.0,1.0,0.0,1.0,1.0,0.0,1.0,0.0,0.0,0.0,0.0
Metropolitana,13,Lampa,13302,126898.0,0,0.0,0.0,0.0,0.0,0.0,0.0,0.0,0.0,0.0,0.0,3.0,4.0,6.0,6.0,30.0,57.0,54.0,45.0,36.0,23.0,17.0,8.0,7.0,2.0,18.0,5.0,5.0,17.0,15.0,5.0,7.0,4.0,5.0,3.0,6.0,4.0,5.0,6.0,3.0,6.0,5.0,7.0,10.0,9.0,7.0,11.0,8.0,6.0,12.0,11.0,15.0,16.0,33.0,22.0,30.0,32.0,55.0,49.0,67.0,72.0,87.0,88.0,62.0,94.0,80.0,62.0,75.0,81.0,67.0,46.0,23.0,22.0,32.0,12.0,9.0,10.0,6.0,11.0,8.0,7.0,4.0,5.0,5.0,9.0,6.0,7.0,13.0,17.0,14.0,18.0,18.0,6.0,0.0,2.0,0.0,0.0,0.0,0.0,0.0,0.0,0.0,1.0,0.0
Metropolitana,13,Las Condes,13114,330759.0,0,0.0,1.0,0.0,0.0,0.0,0.0,1.0,1.0,1.0,2.0,1.0,1.0,3.0,13.0,30.0,65.0,54.0,43.0,26.0,28.0,15.0,2.0,3.0,6.0,14.0,14.0,14.0,14.0,12.0,17.0,23.0,27.0,25.0,21.0,16.0,25.0,17.0,20.0,7.0,11.0,10.0,8.0,12.0,16.0,18.0,39.0,52.0,45.0,35.0,41.0,22.0,32.0,34.0,46.0,74.0,111.0,110.0,106.0,98.0,72.0,53.0,57.0,61.0,65.0,81.0,106.0,108.0,107.0,79.0,80.0,52.0,38.0,17.0,22.0,23.0,17.0,27.0,26.0,29.0,23.0,10.0,8.0,12.0,27.0,20.0,27.0,55.0,58.0,65.0,61.0,35.0,14.0,1.0,0.0,0.0,1.0,0.0,0.0,1.0,1.0,0.0,2.0,0.0
Metropolitana,13,Lo Barnechea,13115,124076.0,0,0.0,0.0,0.0,0.0,1.0,0.0,0.0,0.0,0.0,0.0,0.0,2.0,0.0,2.0,14.0,26.0,22.0,12.0,10.0,6.0,9.0,2.0,0.0,2.0,1.0,4.0,1.0,7.0,9.0,8.0,3.0,2.0,5.0,5.0,6.0,10.0,5.0,10.0,3.0,6.0,4.0,6.0,4.0,3.0,12.0,12.0,24.0,14.0,11.0,16.0,12.0,13.0,13.0,9.0,17.0,38.0,35.0,68.0,42.0,27.0,21.0,13.0,16.0,18.0,32.0,49.0,62.0,33.0,41.0,34.0,31.0,18.0,19.0,5.0,14.0,18.0,16.0,7.0,7.0,11.0,8.0,5.0,1.0,8.0,11.0,11.0,14.0,26.0,25.0,29.0,22.0,15.0,0.0,0.0,1.0,0.0,0.0,0.0,0.0,0.0,0.0,0.0,0.0
Metropolitana,13,Lo Espejo,13116,103865.0,0,0.0,0.0,0.0,0.0,0.0,1.0,0.0,0.0,0.0,0.0,1.0,3.0,7.0,7.0,48.0,75.0,59.0,48.0,26.0,24.0,22.0,3.0,1.0,8.0,8.0,3.0,5.0,15.0,7.0,2.0,9.0,5.0,5.0,6.0,15.0,3.0,9.0,4.0,9.0,15.0,11.0,3.0,2.0,5.0,5.0,8.0,10.0,13.0,14.0,8.0,21.0,5.0,11.0,10.0,24.0,27.0,26.0,33.0,28.0,20.0,33.0,29.0,16.0,19.0,39.0,30.0,40.0,40.0,29.0,27.0,18.0,11.0,13.0,8.0,17.0,9.0,10.0,12.0,10.0,3.0,3.0,7.0,4.0,7.0,11.0,9.0,8.0,6.0,6.0,16.0,8.0,5.0,0.0,0.0,0.0,0.0,0.0,0.0,0.0,0.0,0.0,0.0,0.0
Metropolitana,13,Lo Prado,13117,104403.0,0,0.0,0.0,0.0,0.0,0.0,1.0,0.0,0.0,0.0,1.0,5.0,6.0,13.0,6.0,40.0,59.0,70.0,101.0,50.0,46.0,28.0,6.0,1.0,10.0,19.0,14.0,15.0,23.0,21.0,22.0,12.0,4.0,14.0,8.0,16.0,6.0,15.0,7.0,9.0,6.0,6.0,1.0,7.0,14.0,8.0,12.0,18.0,27.0,27.0,26.0,37.0,31.0,23.0,35.0,30.0,50.0,46.0,49.0,76.0,96.0,94.0,68.0,57.0,76.0,80.0,115.0,107.0,133.0,87.0,72.0,47.0,29.0,30.0,14.0,16.0,14.0,8.0,10.0,6.0,7.0,3.0,12.0,2.0,12.0,18.0,13.0,14.0,26.0,25.0,17.0,22.0,11.0,0.0,0.0,0.0,0.0,0.0,0.0,0.0,0.0,0.0,0.0,0.0
Metropolitana,13,Macul,13118,134635.0,0,0.0,0.0,0.0,0.0,0.0,0.0,0.0,0.0,0.0,0.0,1.0,3.0,10.0,38.0,100.0,163.0,149.0,103.0,82.0,43.0,24.0,7.0,1.0,6.0,6.0,7.0,6.0,8.0,10.0,6.0,12.0,15.0,18.0,7.0,7.0,8.0,4.0,4.0,14.0,8.0,6.0,8.0,19.0,11.0,8.0,21.0,32.0,32.0,23.0,21.0,24.0,29.0,38.0,47.0,68.0,59.0,77.0,82.0,110.0,105.0,121.0,106.0,102.0,81.0,117.0,121.0,150.0,187.0,133.0,84.0,90.0,55.0,34.0,22.0,27.0,20.0,17.0,20.0,9.0,14.0,12.0,6.0,12.0,11.0,13.0,9.0,20.0,19.0,31.0,22.0,10.0,13.0,0.0,0.0,0.0,1.0,0.0,1.0,0.0,1.0,0.0,0.0,0.0
Metropolitana,13,Maipu,13119,578605.0,0,0.0,0.0,1.0,0.0,0.0,0.0,2.0,0.0,0.0,0.0,9.0,5.0,24.0,69.0,224.0,355.0,374.0,265.0,201.0,135.0,95.0,26.0,8.0,49.0,70.0,62.0,85.0,50.0,58.0,60.0,58.0,87.0,52.0,48.0,56.0,27.0,34.0,19.0,38.0,44.0,44.0,46.0,55.0,65.0,61.0,73.0,72.0,68.0,72.0,86.0,76.0,99.0,110.0,122.0,140.0,219.0,304.0,327.0,334.0,349.0,340.0,317.0,291.0,325.0,359.0,350.0,444.0,469.0,420.0,345.0,257.0,187.0,111.0,98.0,93.0,107.0,70.0,63.0,72.0,67.0,41.0,50.0,52.0,84.0,54.0,62.0,97.0,122.0,165.0,149.0,102.0,76.0,6.0,1.0,2.0,2.0,0.0,0.0,1.0,0.0,2.0,2.0,0.0
Metropolitana,13,Maria Pinto,13504,14926.0,0,0.0,0.0,0.0,0.0,0.0,0.0,0.0,0.0,0.0,0.0,0.0,0.0,0.0,0.0,1.0,20.0,9.0,12.0,16.0,18.0,13.0,1.0,3.0,1.0,5.0,4.0,8.0,1.0,3.0,1.0,4.0,1.0,0.0,0.0,0.0,0.0,0.0,1.0,2.0,0.0,2.0,3.0,7.0,2.0,6.0,3.0,4.0,8.0,6.0,6.0,5.0,2.0,2.0,2.0,5.0,10.0,16.0,10.0,3.0,6.0,21.0,14.0,23.0,10.0,18.0,10.0,8.0,25.0,26.0,22.0,14.0,5.0,2.0,4.0,3.0,7.0,9.0,13.0,3.0,1.0,8.0,2.0,2.0,3.0,1.0,1.0,8.0,4.0,8.0,34.0,6.0,4.0,0.0,0.0,0.0,0.0,0.0,0.0,0.0,0.0,0.0,0.0,0.0
Metropolitana,13,Melipilla,13501,141612.0,0,0.0,0.0,0.0,0.0,1.0,0.0,0.0,0.0,0.0,0.0,1.0,3.0,9.0,20.0,16.0,55.0,61.0,53.0,61.0,73.0,45.0,8.0,1.0,9.0,7.0,11.0,3.0,14.0,22.0,11.0,16.0,24.0,10.0,7.0,1.0,9.0,5.0,12.0,7.0,12.0,14.0,18.0,13.0,6.0,14.0,15.0,13.0,21.0,16.0,20.0,38.0,24.0,43.0,55.0,66.0,55.0,75.0,86.0,71.0,79.0,73.0,62.0,65.0,75.0,122.0,144.0,154.0,141.0,126.0,114.0,68.0,63.0,68.0,29.0,29.0,27.0,17.0,18.0,12.0,10.0,8.0,4.0,5.0,14.0,19.0,16.0,38.0,25.0,23.0,35.0,31.0,17.0,0.0,0.0,0.0,0.0,0.0,0.0,0.0,0.0,0.0,0.0,0.0
Metropolitana,13,Nunoa,13120,250192.0,0,0.0,0.0,0.0,1.0,1.0,0.0,1.0,0.0,0.0,0.0,2.0,4.0,6.0,18.0,52.0,86.0,82.0,44.0,44.0,19.0,17.0,4.0,2.0,13.0,14.0,18.0,14.0,16.0,25.0,15.0,12.0,12.0,4.0,8.0,4.0,9.0,5.0,13.0,6.0,10.0,13.0,14.0,18.0,17.0,21.0,29.0,30.0,35.0,30.0,29.0,27.0,36.0,37.0,58.0,75.0,94.0,123.0,104.0,111.0,81.0,57.0,64.0,41.0,60.0,60.0,75.0,89.0,103.0,89.0,80.0,50.0,34.0,27.0,22.0,21.0,17.0,23.0,25.0,23.0,9.0,4.0,9.0,17.0,16.0,13.0,22.0,33.0,45.0,46.0,56.0,32.0,26.0,3.0,1.0,0.0,0.0,0.0,0.0,1.0,0.0,0.0,0.0,0.0
Metropolitana,13,Padre Hurtado,13604,74188.0,0,0.0,0.0,0.0,0.0,0.0,0.0,0.0,0.0,0.0,0.0,1.0,4.0,3.0,11.0,24.0,43.0,40.0,20.0,19.0,5.0,10.0,0.0,0.0,1.0,1.0,0.0,0.0,1.0,1.0,2.0,1.0,1.0,0.0,0.0,4.0,2.0,2.0,0.0,1.0,2.0,0.0,2.0,0.0,0.0,0.0,0.0,2.0,0.0,1.0,15.0,16.0,5.0,15.0,11.0,35.0,38.0,30.0,35.0,36.0,35.0,39.0,32.0,33.0,28.0,37.0,44.0,68.0,53.0,55.0,54.0,14.0,24.0,11.0,6.0,11.0,14.0,9.0,4.0,7.0,4.0,7.0,4.0,1.0,9.0,12.0,9.0,15.0,30.0,28.0,29.0,25.0,17.0,1.0,0.0,0.0,0.0,0.0,0.0,0.0,0.0,0.0,0.0,0.0
Metropolitana,13,Paine,13404,82766.0,0,0.0,0.0,0.0,0.0,1.0,0.0,0.0,0.0,0.0,0.0,2.0,1.0,7.0,35.0,60.0,109.0,84.0,77.0,74.0,72.0,27.0,9.0,5.0,8.0,9.0,5.0,10.0,16.0,16.0,18.0,20.0,14.0,13.0,4.0,13.0,9.0,11.0,3.0,6.0,7.0,10.0,4.0,8.0,20.0,9.0,9.0,11.0,17.0,20.0,6.0,10.0,13.0,16.0,16.0,20.0,48.0,58.0,63.0,62.0,64.0,59.0,68.0,72.0,85.0,112.0,99.0,92.0,146.0,125.0,81.0,72.0,57.0,42.0,11.0,29.0,27.0,18.0,14.0,11.0,8.0,7.0,5.0,7.0,3.0,8.0,7.0,15.0,17.0,23.0,19.0,20.0,12.0,0.0,0.0,0.0,0.0,0.0,0.0,0.0,0.0,0.0,0.0,0.0
Metropolitana,13,Pedro Aguirre Cerda,13121,107803.0,0,0.0,0.0,0.0,0.0,1.0,0.0,0.0,0.0,0.0,0.0,5.0,5.0,23.0,51.0,74.0,112.0,105.0,81.0,52.0,65.0,22.0,7.0,1.0,4.0,12.0,8.0,10.0,9.0,4.0,7.0,3.0,12.0,5.0,2.0,5.0,3.0,5.0,11.0,6.0,6.0,11.0,9.0,6.0,3.0,12.0,21.0,30.0,19.0,17.0,23.0,20.0,24.0,29.0,23.0,24.0,54.0,64.0,89.0,98.0,103.0,101.0,109.0,93.0,101.0,126.0,120.0,142.0,169.0,169.0,100.0,78.0,60.0,42.0,13.0,14.0,15.0,14.0,12.0,8.0,10.0,6.0,0.0,9.0,14.0,8.0,13.0,24.0,17.0,21.0,23.0,36.0,26.0,5.0,0.0,0.0,0.0,0.0,0.0,1.0,0.0,0.0,0.0,0.0
Metropolitana,13,Penaflor,13605,101058.0,0,0.0,0.0,0.0,0.0,0.0,0.0,0.0,0.0,0.0,0.0,2.0,1.0,4.0,2.0,38.0,51.0,84.0,84.0,79.0,52.0,43.0,6.0,3.0,1.0,2.0,7.0,1.0,3.0,1.0,5.0,3.0,7.0,2.0,9.0,4.0,3.0,4.0,6.0,3.0,1.0,6.0,2.0,3.0,4.0,2.0,13.0,11.0,9.0,6.0,7.0,17.0,16.0,11.0,15.0,32.0,38.0,48.0,36.0,46.0,48.0,62.0,50.0,45.0,52.0,76.0,50.0,76.0,70.0,81.0,61.0,48.0,27.0,29.0,13.0,9.0,10.0,11.0,10.0,7.0,8.0,5.0,3.0,3.0,8.0,12.0,12.0,19.0,17.0,17.0,29.0,13.0,5.0,0.0,0.0,0.0,0.0,0.0,0.0,0.0,0.0,0.0,0.0,0.0
Metropolitana,13,Penalolen,13122,266798.0,0,0.0,0.0,0.0,0.0,0.0,0.0,1.0,0.0,2.0,2.0,4.0,17.0,15.0,71.0,192.0,357.0,292.0,191.0,142.0,83.0,41.0,2.0,2.0,4.0,11.0,5.0,16.0,7.0,10.0,13.0,10.0,8.0,5.0,7.0,12.0,7.0,4.0,6.0,5.0,12.0,4.0,12.0,14.0,10.0,10.0,23.0,35.0,41.0,34.0,34.0,49.0,39.0,55.0,51.0,81.0,112.0,169.0,177.0,199.0,283.0,232.0,222.0,199.0,179.0,260.0,246.0,256.0,338.0,274.0,225.0,165.0,148.0,94.0,72.0,52.0,47.0,32.0,34.0,48.0,32.0,20.0,16.0,12.0,28.0,29.0,27.0,33.0,58.0,41.0,65.0,55.0,40.0,4.0,0.0,0.0,0.0,0.0,0.0,1.0,2.0,1.0,0.0,0.0
Metropolitana,13,Pirque,13202,30433.0,0,0.0,0.0,0.0,0.0,0.0,0.0,0.0,0.0,0.0,0.0,1.0,1.0,1.0,2.0,47.0,47.0,45.0,40.0,30.0,24.0,11.0,1.0,0.0,1.0,3.0,3.0,3.0,2.0,1.0,0.0,0.0,0.0,0.0,1.0,1.0,3.0,2.0,4.0,2.0,1.0,2.0,4.0,8.0,12.0,7.0,4.0,5.0,7.0,11.0,19.0,6.0,7.0,11.0,11.0,12.0,28.0,25.0,34.0,38.0,38.0,29.0,29.0,26.0,36.0,33.0,27.0,64.0,40.0,61.0,39.0,23.0,15.0,11.0,7.0,8.0,4.0,16.0,4.0,8.0,17.0,3.0,3.0,2.0,4.0,3.0,2.0,4.0,10.0,15.0,13.0,14.0,10.0,1.0,0.0,0.0,0.0,0.0,0.0,0.0,0.0,2.0,0.0,0.0
Metropolitana,13,Providencia,13123,157749.0,0,0.0,0.0,0.0,0.0,0.0,1.0,1.0,2.0,1.0,0.0,0.0,2.0,3.0,10.0,39.0,56.0,42.0,26.0,23.0,25.0,14.0,7.0,1.0,5.0,18.0,12.0,11.0,6.0,8.0,8.0,6.0,9.0,7.0,5.0,7.0,3.0,9.0,14.0,4.0,6.0,8.0,5.0,9.0,10.0,13.0,18.0,11.0,11.0,15.0,18.0,25.0,20.0,22.0,17.0,38.0,44.0,63.0,57.0,55.0,29.0,36.0,24.0,29.0,14.0,34.0,48.0,57.0,56.0,51.0,38.0,16.0,25.0,14.0,14.0,15.0,16.0,6.0,11.0,12.0,11.0,7.0,7.0,13.0,8.0,11.0,4.0,13.0,16.0,26.0,24.0,19.0,11.0,2.0,0.0,0.0,0.0,0.0,0.0,0.0,0.0,0.0,0.0,0.0
Metropolitana,13,Pudahuel,13124,253139.0,0,0.0,0.0,0.0,0.0,1.0,0.0,0.0,0.0,1.0,2.0,8.0,5.0,12.0,21.0,81.0,173.0,146.0,130.0,66.0,51.0,32.0,5.0,11.0,21.0,19.0,25.0,29.0,15.0,31.0,17.0,18.0,19.0,14.0,19.0,21.0,20.0,12.0,18.0,12.0,18.0,27.0,15.0,41.0,27.0,27.0,52.0,48.0,54.0,40.0,50.0,58.0,56.0,49.0,82.0,83.0,113.0,164.0,207.0,165.0,277.0,198.0,175.0,184.0,182.0,180.0,214.0,228.0,224.0,185.0,125.0,113.0,79.0,59.0,34.0,40.0,27.0,25.0,35.0,33.0,19.0,25.0,24.0,15.0,26.0,29.0,30.0,65.0,69.0,66.0,90.0,86.0,50.0,4.0,1.0,0.0,0.0,0.0,0.0,0.0,1.0,0.0,3.0,0.0
Metropolitana,13,Puente Alto,13201,645909.0,0,0.0,0.0,0.0,0.0,1.0,0.0,0.0,2.0,2.0,2.0,9.0,8.0,13.0,36.0,212.0,465.0,488.0,372.0,253.0,181.0,112.0,20.0,8.0,35.0,66.0,63.0,62.0,48.0,74.0,78.0,56.0,63.0,50.0,69.0,70.0,62.0,47.0,34.0,41.0,72.0,90.0,64.0,74.0,84.0,100.0,173.0,195.0,200.0,204.0,176.0,202.0,195.0,249.0,211.0,301.0,440.0,524.0,526.0,629.0,731.0,708.0,734.0,633.0,592.0,684.0,681.0,750.0,749.0,685.0,538.0,411.0,256.0,190.0,106.0,127.0,109.0,124.0,118.0,75.0,68.0,54.0,60.0,53.0,67.0,58.0,91.0,131.0,161.0,141.0,242.0,156.0,102.0,8.0,0.0,0.0,0.0,1.0,1.0,0.0,1.0,0.0,0.0,0.0
Metropolitana,13,Quilicura,13125,254694.0,0,0.0,0.0,0.0,0.0,0.0,0.0,1.0,0.0,1.0,9.0,11.0,14.0,20.0,15.0,49.0,130.0,136.0,126.0,68.0,55.0,47.0,17.0,20.0,14.0,20.0,18.0,25.0,28.0,27.0,16.0,9.0,11.0,10.0,17.0,11.0,23.0,12.0,12.0,11.0,13.0,6.0,6.0,13.0,16.0,10.0,21.0,21.0,14.0,19.0,25.0,32.0,29.0,28.0,32.0,38.0,83.0,118.0,86.0,110.0,122.0,110.0,86.0,88.0,85.0,124.0,115.0,122.0,153.0,133.0,81.0,65.0,31.0,38.0,34.0,17.0,19.0,33.0,13.0,19.0,11.0,18.0,15.0,11.0,15.0,20.0,22.0,35.0,49.0,51.0,63.0,54.0,51.0,4.0,0.0,1.0,0.0,0.0,0.0,1.0,0.0,0.0,0.0,0.0
Metropolitana,13,Quinta Normal,13126,136368.0,0,0.0,0.0,0.0,0.0,0.0,0.0,0.0,0.0,0.0,0.0,0.0,2.0,6.0,9.0,30.0,67.0,81.0,79.0,85.0,38.0,31.0,10.0,3.0,15.0,10.0,6.0,7.0,6.0,10.0,5.0,6.0,8.0,5.0,2.0,5.0,7.0,8.0,5.0,7.0,10.0,9.0,11.0,12.0,8.0,10.0,17.0,34.0,30.0,16.0,27.0,25.0,25.0,28.0,28.0,46.0,43.0,53.0,76.0,92.0,73.0,71.0,98.0,80.0,62.0,77.0,48.0,74.0,72.0,85.0,71.0,49.0,41.0,33.0,22.0,25.0,25.0,29.0,15.0,7.0,8.0,12.0,15.0,17.0,24.0,42.0,27.0,29.0,33.0,50.0,27.0,41.0,26.0,1.0,1.0,1.0,0.0,0.0,0.0,1.0,0.0,0.0,0.0,0.0
Metropolitana,13,Recoleta,13127,190075.0,0,0.0,0.0,0.0,0.0,0.0,0.0,0.0,1.0,0.0,1.0,14.0,20.0,25.0,29.0,64.0,101.0,87.0,70.0,64.0,41.0,23.0,4.0,6.0,11.0,13.0,17.0,11.0,21.0,15.0,9.0,7.0,6.0,5.0,12.0,5.0,10.0,10.0,12.0,13.0,9.0,13.0,11.0,18.0,15.0,9.0,19.0,30.0,20.0,30.0,39.0,29.0,38.0,32.0,31.0,48.0,71.0,72.0,94.0,117.0,139.0,106.0,105.0,102.0,83.0,96.0,107.0,119.0,169.0,124.0,90.0,61.0,51.0,37.0,21.0,23.0,17.0,12.0,18.0,13.0,4.0,7.0,3.0,9.0,10.0,14.0,23.0,25.0,17.0,26.0,20.0,25.0,16.0,0.0,0.0,2.0,1.0,0.0,0.0,0.0,0.0,0.0,1.0,0.0
Metropolitana,13,Renca,13128,160847.0,0,0.0,0.0,0.0,0.0,0.0,0.0,0.0,0.0,0.0,2.0,3.0,6.0,10.0,6.0,35.0,54.0,60.0,53.0,38.0,17.0,16.0,2.0,2.0,10.0,7.0,15.0,9.0,5.0,2.0,3.0,3.0,13.0,3.0,4.0,8.0,8.0,4.0,6.0,4.0,0.0,9.0,11.0,13.0,11.0,8.0,18.0,16.0,13.0,29.0,36.0,39.0,41.0,38.0,38.0,60.0,81.0,86.0,125.0,151.0,157.0,225.0,144.0,123.0,139.0,149.0,141.0,168.0,203.0,206.0,107.0,44.0,31.0,23.0,14.0,27.0,16.0,15.0,6.0,14.0,7.0,8.0,5.0,0.0,18.0,9.0,14.0,23.0,25.0,44.0,34.0,17.0,15.0,0.0,0.0,0.0,0.0,0.0,0.0,0.0,0.0,1.0,0.0,0.0
Metropolitana,13,San Bernardo,13401,334836.0,0,0.0,0.0,0.0,0.0,0.0,0.0,1.0,1.0,0.0,1.0,8.0,3.0,11.0,34.0,109.0,263.0,235.0,213.0,186.0,134.0,77.0,19.0,11.0,28.0,42.0,27.0,35.0,21.0,18.0,24.0,30.0,24.0,16.0,22.0,19.0,30.0,18.0,20.0,21.0,23.0,21.0,26.0,34.0,35.0,27.0,27.0,38.0,67.0,66.0,55.0,63.0,86.0,70.0,83.0,150.0,149.0,196.0,244.0,268.0,311.0,278.0,245.0,260.0,244.0,294.0,267.0,316.0,329.0,302.0,225.0,160.0,144.0,101.0,68.0,65.0,54.0,31.0,26.0,26.0,27.0,14.0,29.0,22.0,36.0,25.0,38.0,34.0,52.0,46.0,69.0,45.0,31.0,2.0,0.0,0.0,0.0,0.0,0.0,0.0,0.0,0.0,0.0,0.0
Metropolitana,13,San Joaquin,13129,103485.0,0,0.0,0.0,0.0,0.0,0.0,1.0,0.0,0.0,0.0,0.0,3.0,4.0,23.0,86.0,126.0,190.0,139.0,109.0,54.0,45.0,37.0,4.0,4.0,13.0,18.0,11.0,20.0,21.0,15.0,10.0,10.0,14.0,7.0,11.0,5.0,5.0,16.0,9.0,12.0,14.0,11.0,16.0,6.0,13.0,18.0,22.0,30.0,36.0,32.0,27.0,29.0,44.0,39.0,36.0,42.0,57.0,74.0,94.0,88.0,109.0,97.0,93.0,95.0,99.0,105.0,135.0,153.0,172.0,155.0,112.0,82.0,50.0,33.0,23.0,18.0,21.0,13.0,13.0,17.0,12.0,7.0,15.0,11.0,23.0,18.0,11.0,20.0,11.0,18.0,26.0,11.0,11.0,2.0,0.0,0.0,1.0,0.0,0.0,0.0,0.0,0.0,0.0,0.0
Metropolitana,13,San Jose de Maipo,13203,18644.0,0,0.0,0.0,0.0,0.0,0.0,0.0,0.0,0.0,0.0,0.0,0.0,0.0,0.0,0.0,5.0,10.0,5.0,8.0,6.0,2.0,8.0,0.0,0.0,0.0,2.0,1.0,1.0,1.0,1.0,3.0,3.0,2.0,0.0,0.0,6.0,2.0,0.0,0.0,0.0,0.0,0.0,0.0,0.0,0.0,1.0,1.0,2.0,1.0,0.0,2.0,1.0,5.0,3.0,4.0,1.0,2.0,2.0,6.0,6.0,9.0,12.0,10.0,8.0,8.0,10.0,17.0,9.0,8.0,11.0,5.0,4.0,4.0,1.0,4.0,5.0,0.0,1.0,1.0,0.0,2.0,2.0,1.0,0.0,0.0,2.0,1.0,2.0,18.0,3.0,14.0,2.0,1.0,0.0,0.0,0.0,0.0,0.0,0.0,0.0,0.0,0.0,0.0,0.0
Metropolitana,13,San Miguel,13130,133059.0,0,0.0,0.0,0.0,0.0,0.0,1.0,0.0,0.0,0.0,0.0,2.0,4.0,10.0,28.0,73.0,142.0,91.0,86.0,42.0,39.0,29.0,2.0,2.0,16.0,19.0,13.0,14.0,9.0,12.0,20.0,11.0,14.0,9.0,8.0,9.0,11.0,9.0,4.0,10.0,6.0,8.0,8.0,19.0,10.0,34.0,22.0,25.0,26.0,26.0,40.0,30.0,33.0,51.0,50.0,79.0,74.0,85.0,109.0,106.0,119.0,87.0,94.0,136.0,106.0,107.0,149.0,125.0,170.0,125.0,96.0,68.0,66.0,31.0,15.0,23.0,20.0,11.0,25.0,16.0,27.0,17.0,18.0,12.0,13.0,11.0,22.0,27.0,27.0,32.0,33.0,32.0,18.0,2.0,1.0,0.0,0.0,1.0,0.0,0.0,0.0,0.0,0.0,0.0
Metropolitana,13,San Pedro,13505,11953.0,0,0.0,0.0,0.0,0.0,0.0,0.0,0.0,0.0,0.0,0.0,0.0,1.0,1.0,0.0,5.0,4.0,3.0,10.0,10.0,1.0,0.0,0.0,0.0,0.0,3.0,0.0,0.0,0.0,0.0,0.0,0.0,0.0,0.0,0.0,0.0,4.0,1.0,0.0,0.0,0.0,0.0,0.0,0.0,0.0,1.0,0.0,0.0,0.0,0.0,0.0,1.0,2.0,3.0,1.0,3.0,2.0,4.0,1.0,2.0,2.0,10.0,4.0,3.0,8.0,9.0,7.0,2.0,4.0,5.0,2.0,0.0,0.0,0.0,0.0,0.0,1.0,0.0,0.0,0.0,0.0,1.0,1.0,0.0,0.0,0.0,0.0,0.0,0.0,3.0,0.0,0.0,0.0,0.0,0.0,0.0,0.0,0.0,0.0,0.0,0.0,0.0,0.0,0.0
Metropolitana,13,San Ramon,13131,86510.0,0,0.0,0.0,0.0,0.0,0.0,0.0,0.0,0.0,0.0,0.0,0.0,1.0,2.0,8.0,32.0,82.0,80.0,78.0,38.0,45.0,37.0,4.0,1.0,5.0,3.0,3.0,7.0,1.0,3.0,2.0,2.0,8.0,5.0,2.0,6.0,3.0,6.0,5.0,3.0,4.0,3.0,2.0,2.0,6.0,3.0,5.0,3.0,7.0,4.0,6.0,26.0,7.0,15.0,26.0,24.0,39.0,43.0,44.0,40.0,88.0,66.0,79.0,49.0,58.0,83.0,55.0,72.0,82.0,53.0,32.0,21.0,26.0,15.0,16.0,8.0,14.0,8.0,10.0,13.0,6.0,4.0,3.0,5.0,7.0,9.0,8.0,6.0,13.0,9.0,11.0,18.0,14.0,0.0,0.0,0.0,0.0,1.0,2.0,0.0,0.0,2.0,1.0,0.0
Metropolitana,13,Santiago,13101,503147.0,0,0.0,0.0,0.0,0.0,0.0,1.0,2.0,0.0,0.0,4.0,7.0,12.0,15.0,40.0,137.0,209.0,174.0,149.0,71.0,54.0,33.0,9.0,4.0,7.0,14.0,6.0,16.0,17.0,10.0,13.0,12.0,21.0,19.0,27.0,7.0,14.0,20.0,21.0,23.0,19.0,29.0,25.0,21.0,36.0,28.0,49.0,74.0,57.0,51.0,62.0,75.0,85.0,74.0,102.0,93.0,155.0,168.0,137.0,155.0,170.0,133.0,122.0,129.0,119.0,145.0,180.0,205.0,238.0,236.0,140.0,98.0,79.0,53.0,56.0,31.0,28.0,28.0,28.0,22.0,21.0,21.0,32.0,20.0,37.0,24.0,43.0,53.0,71.0,75.0,73.0,78.0,35.0,3.0,0.0,3.0,1.0,2.0,2.0,1.0,0.0,5.0,0.0,0.0
Metropolitana,13,Talagante,13601,81838.0,0,0.0,0.0,0.0,0.0,0.0,0.0,0.0,0.0,0.0,0.0,1.0,1.0,2.0,0.0,6.0,6.0,22.0,8.0,9.0,12.0,4.0,1.0,2.0,1.0,2.0,5.0,0.0,0.0,3.0,3.0,0.0,5.0,5.0,5.0,2.0,3.0,2.0,5.0,2.0,6.0,2.0,0.0,1.0,2.0,1.0,6.0,7.0,4.0,4.0,8.0,5.0,8.0,9.0,23.0,19.0,24.0,22.0,30.0,21.0,37.0,31.0,22.0,26.0,22.0,25.0,37.0,27.0,12.0,29.0,14.0,11.0,22.0,11.0,5.0,11.0,8.0,8.0,2.0,3.0,5.0,5.0,6.0,3.0,3.0,3.0,5.0,8.0,14.0,21.0,24.0,12.0,1.0,2.0,0.0,0.0,0.0,1.0,1.0,0.0,0.0,0.0,1.0,0.0
Metropolitana,13,Tiltil,13303,21477.0,0,0.0,0.0,0.0,0.0,0.0,0.0,0.0,0.0,0.0,0.0,0.0,2.0,1.0,2.0,6.0,34.0,25.0,16.0,11.0,13.0,3.0,4.0,3.0,0.0,3.0,7.0,4.0,1.0,0.0,0.0,2.0,0.0,0.0,0.0,0.0,1.0,3.0,5.0,5.0,2.0,3.0,4.0,2.0,2.0,1.0,1.0,2.0,0.0,3.0,2.0,3.0,4.0,9.0,10.0,4.0,5.0,7.0,6.0,13.0,27.0,30.0,14.0,4.0,15.0,28.0,13.0,20.0,23.0,35.0,16.0,9.0,7.0,8.0,4.0,1.0,2.0,5.0,4.0,11.0,12.0,0.0,7.0,0.0,4.0,3.0,3.0,2.0,7.0,6.0,3.0,3.0,4.0,0.0,0.0,0.0,0.0,0.0,1.0,0.0,0.0,2.0,3.0,0.0
Metropolitana,13,Vitacura,13132,96774.0,0,0.0,0.0,0.0,0.0,1.0,0.0,0.0,0.0,0.0,0.0,0.0,1.0,1.0,4.0,16.0,15.0,10.0,9.0,13.0,8.0,0.0,0.0,0.0,0.0,2.0,4.0,2.0,1.0,3.0,2.0,2.0,1.0,2.0,1.0,1.0,0.0,2.0,1.0,1.0,1.0,3.0,2.0,1.0,3.0,4.0,12.0,22.0,6.0,4.0,6.0,12.0,11.0,10.0,10.0,10.0,25.0,31.0,17.0,14.0,15.0,9.0,12.0,10.0,12.0,16.0,24.0,17.0,20.0,14.0,17.0,9.0,3.0,3.0,7.0,7.0,4.0,3.0,5.0,3.0,3.0,4.0,4.0,2.0,1.0,2.0,8.0,8.0,12.0,7.0,19.0,16.0,9.0,1.0,0.0,0.0,0.0,0.0,1.0,0.0,0.0,1.0,1.0,0.0
Metropolitana,13,Desconocido Metropolitana,,,0,0.0,0.0,0.0,0.0,0.0,0.0,0.0,0.0,0.0,0.0,0.0,0.0,0.0,0.0,0.0,1.0,0.0,0.0,0.0,0.0,0.0,0.0,0.0,0.0,0.0,0.0,0.0,0.0,0.0,0.0,0.0,0.0,0.0,0.0,0.0,0.0,0.0,0.0,0.0,0.0,0.0,0.0,0.0,0.0,0.0,0.0,0.0,0.0,0.0,0.0,0.0,0.0,0.0,0.0,0.0,0.0,0.0,0.0,0.0,0.0,1.0,0.0,0.0,0.0,0.0,0.0,0.0,0.0,0.0,0.0,0.0,0.0,0.0,0.0,0.0,0.0,0.0,0.0,0.0,0.0,0.0,0.0,0.0,0.0,0.0,0.0,0.0,0.0,0.0,0.0,0.0,0.0,0.0,0.0,0.0,0.0,0.0,0.0,0.0,0.0,0.0,0.0,0.0
Metropolitana,13,Total,,8125072.0,0.0,0.0,1.0,4.0,1.0,9.0,9.0,14.0,11.0,10.0,32.0,150.0,220.0,410.0,967.0,2911.0,5353.0,4995.0,4129.0,3002.0,2236.0,1432.0,316.0,213.0,463.0,757.0,607.0,709.0,666.0,743.0,618.0,526.0,606.0,514.0,506.0,496.0,497.0,446.0,451.0,443.0,525.0,539.0,518.0,663.0,666.0,697.0,1100.0,1322.0,1300.0,1268.0,1389.0,1535.0,1554.0,1698.0,1795.0,2482.0,3345.0,4218.0,4653.0,5066.0,5708.0,5356.0,4957.0,4750.0,4632.0,5617.0,5781.0,6575.0,7122.0,6392.0,4638.0,3455.0,2516.0,1762.0,1207.0,1235.0,1127.0,955.0,921.0,806.0,691.0,498.0,525.0,514.0,787.0,755.0,859.0,1266.0,1510.0,1614.0,1962.0,1566.0,949.0,71.0,9.0,13.0,11.0,10.0,14.0,15.0,9.0,22.0,29.0,0.0
,,,,,,,,,,,,,,,,,,,,,,,,,,,,,,,,,,,,,,,,,,,,,,,,,,,,,,,,,,,,,,,,,,,,,,,,,,,,,,,,,,,,,,,,,,,,,,,,,,,,,,,,,,,,
Del Libertador General Bernardo O’Higgins,06,Chepica,06302,15925.0,0,0.0,0.0,0.0,0.0,0.0,0.0,0.0,0.0,0.0,0.0,0.0,0.0,0.0,0.0,0.0,0.0,0.0,0.0,0.0,0.0,0.0,0.0,0.0,0.0,1.0,0.0,0.0,1.0,0.0,0.0,7.0,0.0,3.0,0.0,0.0,0.0,0.0,0.0,0.0,0.0,0.0,0.0,0.0,0.0,0.0,0.0,0.0,0.0,0.0,0.0,2.0,1.0,0.0,8.0,3.0,9.0,5.0,9.0,7.0,8.0,12.0,4.0,1.0,3.0,10.0,1.0,3.0,7.0,7.0,4.0,3.0,0.0,1.0,2.0,0.0,0.0,0.0,0.0,0.0,1.0,1.0,1.0,1.0,0.0,0.0,0.0,3.0,0.0,0.0,0.0,1.0,0.0,0.0,0.0,0.0,0.0,0.0,0.0,0.0,0.0,0.0,0.0,0.0
Del Libertador General Bernardo O’Higgins,06,Chimbarongo,06303,37696.0,0,0.0,0.0,0.0,0.0,0.0,0.0,0.0,0.0,0.0,1.0,0.0,0.0,0.0,0.0,1.0,1.0,2.0,2.0,0.0,3.0,2.0,0.0,0.0,0.0,1.0,2.0,3.0,6.0,3.0,4.0,4.0,4.0,14.0,0.0,1.0,1.0,2.0,3.0,3.0,0.0,0.0,0.0,1.0,2.0,4.0,0.0,2.0,0.0,1.0,9.0,9.0,11.0,6.0,8.0,5.0,17.0,25.0,22.0,24.0,21.0,12.0,10.0,14.0,4.0,7.0,11.0,7.0,15.0,13.0,11.0,10.0,15.0,3.0,3.0,3.0,2.0,0.0,1.0,0.0,1.0,2.0,0.0,1.0,2.0,4.0,0.0,2.0,2.0,0.0,5.0,5.0,4.0,0.0,0.0,0.0,0.0,0.0,0.0,0.0,0.0,0.0,0.0,0.0
Del Libertador General Bernardo O’Higgins,06,Codegua,06102,14096.0,0,0.0,0.0,0.0,0.0,0.0,0.0,0.0,0.0,0.0,0.0,0.0,0.0,0.0,0.0,1.0,4.0,4.0,5.0,9.0,9.0,11.0,13.0,9.0,5.0,0.0,14.0,11.0,4.0,5.0,4.0,2.0,2.0,2.0,3.0,1.0,0.0,3.0,1.0,0.0,0.0,0.0,0.0,0.0,1.0,0.0,2.0,1.0,0.0,0.0,0.0,0.0,0.0,2.0,1.0,0.0,3.0,2.0,6.0,1.0,4.0,3.0,5.0,4.0,0.0,2.0,3.0,0.0,2.0,5.0,3.0,1.0,1.0,2.0,1.0,0.0,2.0,0.0,0.0,1.0,0.0,0.0,0.0,0.0,0.0,2.0,4.0,2.0,1.0,0.0,1.0,1.0,0.0,0.0,0.0,0.0,0.0,0.0,0.0,0.0,0.0,0.0,0.0,0.0
Del Libertador General Bernardo O’Higgins,06,Coinco,06103,7831.0,0,0.0,0.0,0.0,0.0,0.0,0.0,0.0,0.0,0.0,0.0,0.0,0.0,1.0,0.0,0.0,1.0,2.0,9.0,0.0,2.0,2.0,0.0,0.0,0.0,3.0,2.0,2.0,5.0,1.0,0.0,2.0,0.0,0.0,1.0,1.0,1.0,0.0,0.0,0.0,2.0,1.0,3.0,2.0,0.0,0.0,0.0,0.0,0.0,0.0,4.0,2.0,1.0,1.0,1.0,0.0,1.0,0.0,0.0,0.0,1.0,2.0,0.0,6.0,5.0,1.0,3.0,1.0,1.0,1.0,1.0,0.0,0.0,1.0,0.0,0.0,0.0,1.0,0.0,0.0,0.0,1.0,0.0,0.0,0.0,0.0,0.0,0.0,0.0,0.0,0.0,0.0,0.0,0.0,0.0,0.0,0.0,0.0,0.0,0.0,0.0,0.0,0.0,0.0
Del Libertador General Bernardo O’Higgins,06,Coltauco,06104,21263.0,0,0.0,0.0,0.0,0.0,0.0,0.0,0.0,0.0,0.0,0.0,0.0,0.0,0.0,0.0,1.0,0.0,2.0,5.0,2.0,4.0,5.0,1.0,3.0,1.0,3.0,1.0,1.0,4.0,1.0,1.0,1.0,1.0,0.0,1.0,0.0,1.0,0.0,0.0,0.0,0.0,3.0,0.0,0.0,0.0,0.0,0.0,0.0,0.0,0.0,0.0,3.0,0.0,2.0,1.0,1.0,1.0,2.0,0.0,1.0,2.0,0.0,4.0,4.0,3.0,1.0,2.0,2.0,9.0,1.0,2.0,1.0,1.0,0.0,0.0,0.0,0.0,0.0,0.0,0.0,0.0,0.0,0.0,1.0,0.0,0.0,0.0,0.0,0.0,1.0,1.0,0.0,0.0,0.0,0.0,0.0,0.0,0.0,0.0,1.0,0.0,0.0,0.0,0.0
Del Libertador General Bernardo O’Higgins,06,Donihue,06105,22700.0,0,0.0,0.0,0.0,0.0,0.0,0.0,0.0,0.0,0.0,0.0,0.0,3.0,0.0,0.0,0.0,2.0,5.0,18.0,12.0,17.0,13.0,2.0,1.0,1.0,7.0,5.0,4.0,6.0,7.0,5.0,9.0,2.0,2.0,8.0,2.0,2.0,5.0,3.0,2.0,2.0,0.0,8.0,3.0,6.0,1.0,7.0,6.0,0.0,1.0,6.0,7.0,2.0,5.0,6.0,5.0,9.0,11.0,6.0,3.0,9.0,3.0,2.0,1.0,7.0,5.0,5.0,14.0,13.0,10.0,6.0,4.0,3.0,3.0,2.0,1.0,1.0,0.0,0.0,0.0,1.0,0.0,0.0,1.0,0.0,1.0,0.0,0.0,1.0,0.0,1.0,1.0,0.0,0.0,0.0,0.0,0.0,0.0,0.0,0.0,0.0,0.0,0.0,0.0
Del Libertador General Bernardo O’Higgins,06,Graneros,06106,36504.0,0,0.0,0.0,0.0,0.0,0.0,0.0,0.0,0.0,0.0,0.0,0.0,1.0,1.0,0.0,5.0,7.0,8.0,8.0,9.0,8.0,8.0,3.0,0.0,3.0,5.0,14.0,6.0,13.0,14.0,4.0,7.0,12.0,7.0,11.0,2.0,10.0,2.0,4.0,4.0,2.0,3.0,0.0,3.0,4.0,3.0,5.0,8.0,8.0,14.0,13.0,13.0,15.0,15.0,5.0,2.0,5.0,18.0,26.0,30.0,28.0,40.0,32.0,22.0,10.0,24.0,20.0,30.0,24.0,32.0,20.0,16.0,8.0,8.0,6.0,2.0,3.0,2.0,2.0,0.0,0.0,1.0,0.0,0.0,1.0,3.0,0.0,1.0,2.0,3.0,9.0,1.0,1.0,0.0,0.0,0.0,0.0,0.0,0.0,0.0,0.0,0.0,0.0,0.0
Del Libertador General Bernardo O’Higgins,06,La Estrella,06202,3114.0,0,0.0,0.0,0.0,0.0,0.0,0.0,0.0,0.0,0.0,0.0,0.0,0.0,0.0,0.0,0.0,0.0,0.0,0.0,5.0,2.0,0.0,0.0,0.0,0.0,0.0,0.0,0.0,0.0,0.0,0.0,0.0,0.0,0.0,0.0,0.0,0.0,0.0,0.0,0.0,1.0,0.0,0.0,0.0,0.0,0.0,0.0,0.0,0.0,0.0,1.0,0.0,1.0,0.0,0.0,0.0,6.0,1.0,0.0,1.0,1.0,1.0,0.0,0.0,0.0,0.0,0.0,1.0,0.0,0.0,0.0,0.0,2.0,0.0,3.0,0.0,0.0,0.0,0.0,0.0,0.0,0.0,0.0,0.0,0.0,0.0,0.0,0.0,0.0,0.0,1.0,0.0,0.0,0.0,0.0,0.0,0.0,0.0,0.0,0.0,0.0,0.0,0.0,0.0
Del Libertador General Bernardo O’Higgins,06,Las Cabras,06107,26749.0,0,0.0,0.0,0.0,0.0,0.0,0.0,0.0,0.0,0.0,0.0,0.0,0.0,0.0,0.0,0.0,0.0,3.0,7.0,8.0,4.0,4.0,0.0,0.0,9.0,10.0,35.0,13.0,19.0,17.0,15.0,23.0,18.0,12.0,4.0,12.0,8.0,4.0,2.0,4.0,10.0,0.0,3.0,3.0,4.0,6.0,16.0,8.0,12.0,5.0,12.0,3.0,15.0,7.0,15.0,10.0,8.0,3.0,8.0,13.0,14.0,15.0,15.0,20.0,14.0,34.0,35.0,55.0,31.0,20.0,26.0,8.0,12.0,18.0,3.0,1.0,0.0,1.0,2.0,0.0,1.0,1.0,1.0,1.0,0.0,0.0,0.0,0.0,1.0,1.0,1.0,0.0,4.0,0.0,0.0,0.0,0.0,0.0,0.0,0.0,0.0,0.0,0.0,0.0
Del Libertador General Bernardo O’Higgins,06,Litueche,06203,6765.0,0,0.0,0.0,0.0,0.0,0.0,0.0,0.0,0.0,0.0,0.0,0.0,0.0,1.0,0.0,0.0,0.0,1.0,14.0,2.0,2.0,2.0,0.0,0.0,2.0,1.0,0.0,0.0,0.0,0.0,1.0,0.0,0.0,0.0,0.0,0.0,0.0,0.0,0.0,0.0,0.0,0.0,0.0,0.0,2.0,0.0,1.0,0.0,0.0,0.0,1.0,2.0,1.0,3.0,0.0,1.0,0.0,1.0,2.0,0.0,0.0,1.0,2.0,2.0,1.0,1.0,4.0,4.0,2.0,11.0,2.0,5.0,0.0,0.0,6.0,3.0,1.0,0.0,0.0,0.0,1.0,0.0,0.0,0.0,0.0,1.0,0.0,0.0,0.0,0.0,1.0,1.0,0.0,0.0,0.0,0.0,0.0,0.0,0.0,0.0,0.0,0.0,0.0,0.0
Del Libertador General Bernardo O’Higgins,06,Lolol,06304,7289.0,0,0.0,0.0,0.0,0.0,0.0,0.0,0.0,0.0,0.0,0.0,0.0,0.0,0.0,1.0,1.0,3.0,3.0,1.0,10.0,1.0,0.0,0.0,0.0,2.0,0.0,2.0,0.0,0.0,3.0,0.0,0.0,0.0,0.0,1.0,3.0,3.0,0.0,2.0,0.0,0.0,0.0,0.0,0.0,2.0,1.0,0.0,1.0,0.0,0.0,1.0,0.0,0.0,0.0,1.0,3.0,3.0,1.0,1.0,0.0,5.0,5.0,3.0,0.0,1.0,1.0,2.0,6.0,3.0,3.0,0.0,2.0,0.0,0.0,2.0,0.0,0.0,0.0,0.0,0.0,0.0,0.0,0.0,0.0,1.0,0.0,0.0,0.0,0.0,0.0,1.0,0.0,0.0,0.0,0.0,0.0,0.0,0.0,0.0,0.0,0.0,0.0,0.0,0.0
Del Libertador General Bernardo O’Higgins,06,Machali,06108,59913.0,0,0.0,0.0,0.0,0.0,0.0,0.0,0.0,0.0,0.0,0.0,1.0,0.0,0.0,1.0,3.0,3.0,4.0,20.0,14.0,6.0,4.0,0.0,1.0,1.0,1.0,2.0,3.0,2.0,5.0,3.0,0.0,3.0,2.0,4.0,1.0,2.0,0.0,1.0,0.0,4.0,1.0,1.0,2.0,3.0,1.0,1.0,5.0,8.0,3.0,6.0,8.0,10.0,11.0,5.0,6.0,16.0,5.0,8.0,6.0,15.0,14.0,3.0,8.0,19.0,9.0,10.0,14.0,14.0,18.0,19.0,16.0,8.0,6.0,4.0,4.0,2.0,3.0,1.0,3.0,2.0,4.0,5.0,0.0,7.0,1.0,0.0,4.0,7.0,1.0,4.0,4.0,3.0,0.0,0.0,0.0,0.0,0.0,0.0,0.0,0.0,0.0,0.0,0.0
Del Libertador General Bernardo O’Higgins,06,Malloa,06109,14163.0,0,0.0,0.0,0.0,0.0,0.0,0.0,0.0,0.0,0.0,0.0,0.0,0.0,0.0,1.0,0.0,3.0,4.0,4.0,8.0,2.0,2.0,2.0,0.0,1.0,1.0,2.0,3.0,3.0,4.0,2.0,6.0,6.0,6.0,0.0,0.0,1.0,0.0,0.0,0.0,0.0,0.0,0.0,1.0,0.0,0.0,0.0,1.0,0.0,1.0,1.0,3.0,1.0,0.0,1.0,2.0,4.0,6.0,3.0,1.0,13.0,6.0,4.0,8.0,5.0,4.0,7.0,2.0,8.0,10.0,3.0,3.0,0.0,2.0,0.0,1.0,0.0,1.0,0.0,0.0,2.0,0.0,1.0,0.0,0.0,0.0,0.0,1.0,0.0,2.0,0.0,0.0,0.0,0.0,0.0,0.0,0.0,0.0,0.0,0.0,0.0,0.0,0.0,0.0
Del Libertador General Bernardo O’Higgins,06,Marchihue,06204,7632.0,0,0.0,0.0,0.0,0.0,0.0,0.0,0.0,0.0,0.0,0.0,0.0,0.0,0.0,0.0,0.0,0.0,0.0,3.0,0.0,0.0,1.0,0.0,0.0,0.0,0.0,0.0,0.0,0.0,0.0,0.0,0.0,0.0,0.0,0.0,0.0,0.0,0.0,1.0,0.0,4.0,2.0,0.0,0.0,0.0,1.0,0.0,0.0,0.0,5.0,0.0,2.0,6.0,10.0,0.0,2.0,0.0,1.0,6.0,5.0,7.0,8.0,4.0,7.0,1.0,4.0,4.0,0.0,3.0,1.0,2.0,1.0,0.0,0.0,3.0,1.0,0.0,0.0,0.0,0.0,0.0,0.0,0.0,0.0,0.0,0.0,0.0,0.0,1.0,1.0,0.0,0.0,0.0,0.0,0.0,0.0,0.0,0.0,0.0,0.0,0.0,0.0,0.0,0.0
Del Libertador General Bernardo O’Higgins,06,Mostazal,06110,27462.0,0,0.0,0.0,0.0,0.0,0.0,0.0,0.0,0.0,0.0,0.0,0.0,0.0,0.0,0.0,0.0,4.0,6.0,4.0,11.0,12.0,5.0,1.0,1.0,2.0,1.0,7.0,5.0,4.0,17.0,9.0,0.0,2.0,3.0,0.0,3.0,1.0,8.0,5.0,5.0,7.0,0.0,0.0,2.0,2.0,3.0,4.0,6.0,4.0,6.0,4.0,10.0,2.0,3.0,6.0,6.0,6.0,8.0,17.0,14.0,24.0,21.0,23.0,20.0,21.0,32.0,10.0,26.0,26.0,30.0,29.0,21.0,4.0,5.0,4.0,4.0,2.0,3.0,0.0,0.0,0.0,4.0,0.0,0.0,0.0,1.0,0.0,2.0,2.0,3.0,4.0,11.0,0.0,0.0,0.0,0.0,0.0,0.0,0.0,0.0,0.0,0.0,0.0,0.0
Del Libertador General Bernardo O’Higgins,06,Nancagua,06305,19141.0,0,0.0,0.0,0.0,0.0,0.0,0.0,0.0,0.0,0.0,0.0,0.0,0.0,0.0,0.0,0.0,1.0,0.0,7.0,0.0,6.0,5.0,1.0,0.0,1.0,1.0,2.0,3.0,1.0,8.0,4.0,1.0,2.0,1.0,0.0,0.0,2.0,0.0,0.0,0.0,0.0,0.0,0.0,0.0,0.0,0.0,2.0,0.0,0.0,0.0,15.0,11.0,3.0,16.0,10.0,14.0,11.0,5.0,13.0,8.0,11.0,10.0,7.0,5.0,5.0,8.0,10.0,7.0,7.0,9.0,3.0,9.0,4.0,0.0,1.0,1.0,0.0,2.0,0.0,2.0,0.0,0.0,0.0,1.0,4.0,1.0,0.0,2.0,2.0,2.0,7.0,4.0,3.0,0.0,0.0,0.0,0.0,0.0,0.0,0.0,0.0,0.0,0.0,0.0
Del Libertador General Bernardo O’Higgins,06,Navidad,06205,6904.0,0,0.0,0.0,0.0,0.0,0.0,0.0,0.0,0.0,0.0,0.0,0.0,0.0,0.0,0.0,0.0,1.0,1.0,4.0,0.0,2.0,0.0,0.0,0.0,0.0,0.0,0.0,0.0,0.0,1.0,0.0,0.0,0.0,0.0,0.0,0.0,0.0,0.0,0.0,0.0,0.0,0.0,0.0,0.0,0.0,0.0,0.0,0.0,0.0,0.0,0.0,0.0,0.0,2.0,3.0,1.0,1.0,8.0,3.0,2.0,0.0,0.0,0.0,0.0,0.0,0.0,0.0,0.0,0.0,2.0,0.0,1.0,0.0,3.0,2.0,1.0,0.0,0.0,0.0,4.0,0.0,0.0,0.0,0.0,0.0,0.0,0.0,0.0,0.0,0.0,1.0,0.0,5.0,0.0,0.0,0.0,0.0,0.0,1.0,0.0,0.0,0.0,0.0,0.0
Del Libertador General Bernardo O’Higgins,06,Olivar,06111,14624.0,0,0.0,0.0,0.0,0.0,0.0,0.0,0.0,0.0,0.0,0.0,0.0,0.0,0.0,0.0,0.0,1.0,3.0,2.0,1.0,7.0,3.0,0.0,3.0,1.0,3.0,1.0,4.0,3.0,8.0,1.0,5.0,9.0,2.0,2.0,5.0,2.0,0.0,0.0,2.0,5.0,0.0,1.0,0.0,0.0,0.0,4.0,1.0,6.0,2.0,15.0,10.0,9.0,16.0,15.0,9.0,14.0,8.0,9.0,4.0,12.0,3.0,7.0,1.0,3.0,3.0,5.0,4.0,10.0,7.0,2.0,3.0,1.0,2.0,1.0,0.0,0.0,0.0,0.0,0.0,1.0,0.0,0.0,1.0,1.0,1.0,0.0,1.0,2.0,3.0,3.0,0.0,2.0,0.0,0.0,0.0,0.0,0.0,0.0,0.0,0.0,0.0,0.0,0.0
Del Libertador General Bernardo O’Higgins,06,Palmilla,06306,13299.0,0,0.0,0.0,0.0,0.0,0.0,0.0,0.0,0.0,0.0,0.0,0.0,0.0,0.0,0.0,0.0,0.0,4.0,0.0,0.0,1.0,2.0,0.0,0.0,4.0,2.0,7.0,19.0,14.0,7.0,7.0,2.0,0.0,0.0,0.0,1.0,1.0,0.0,0.0,0.0,0.0,0.0,0.0,0.0,0.0,0.0,0.0,0.0,0.0,0.0,6.0,3.0,1.0,6.0,6.0,6.0,5.0,8.0,2.0,1.0,9.0,2.0,1.0,0.0,6.0,0.0,2.0,3.0,2.0,3.0,5.0,0.0,1.0,0.0,1.0,0.0,0.0,0.0,0.0,0.0,0.0,0.0,0.0,0.0,0.0,0.0,0.0,0.0,2.0,0.0,0.0,0.0,5.0,0.0,0.0,0.0,0.0,0.0,0.0,0.0,0.0,0.0,0.0,0.0
Del Libertador General Bernardo O’Higgins,06,Paredones,06206,6349.0,0,0.0,0.0,0.0,0.0,0.0,0.0,0.0,0.0,0.0,0.0,0.0,0.0,0.0,0.0,0.0,2.0,2.0,0.0,0.0,0.0,0.0,0.0,0.0,5.0,1.0,1.0,0.0,0.0,0.0,0.0,2.0,4.0,1.0,3.0,1.0,0.0,4.0,4.0,6.0,0.0,0.0,0.0,0.0,16.0,4.0,4.0,1.0,1.0,2.0,4.0,0.0,2.0,0.0,0.0,1.0,0.0,0.0,0.0,0.0,0.0,2.0,1.0,4.0,10.0,2.0,1.0,2.0,1.0,2.0,1.0,0.0,1.0,2.0,0.0,3.0,2.0,5.0,1.0,1.0,0.0,0.0,0.0,0.0,0.0,0.0,1.0,2.0,0.0,0.0,1.0,0.0,0.0,0.0,0.0,0.0,0.0,0.0,0.0,0.0,0.0,0.0,0.0,0.0
Del Libertador General Bernardo O’Higgins,06,Peralillo,06307,11848.0,0,0.0,0.0,0.0,0.0,0.0,0.0,0.0,0.0,0.0,0.0,0.0,0.0,0.0,0.0,0.0,1.0,6.0,1.0,1.0,2.0,0.0,0.0,1.0,3.0,1.0,2.0,4.0,1.0,2.0,2.0,4.0,11.0,1.0,3.0,6.0,0.0,0.0,0.0,0.0,0.0,2.0,0.0,0.0,0.0,2.0,7.0,4.0,1.0,0.0,3.0,13.0,7.0,1.0,8.0,9.0,3.0,11.0,8.0,13.0,23.0,10.0,9.0,17.0,4.0,11.0,17.0,9.0,10.0,10.0,6.0,2.0,4.0,1.0,4.0,0.0,1.0,2.0,0.0,1.0,3.0,0.0,0.0,0.0,0.0,0.0,0.0,0.0,4.0,0.0,0.0,1.0,0.0,0.0,0.0,0.0,0.0,0.0,0.0,0.0,0.0,0.0,0.0,0.0
Del Libertador General Bernardo O’Higgins,06,Peumo,06112,14952.0,0,0.0,0.0,0.0,0.0,0.0,0.0,0.0,0.0,0.0,0.0,0.0,0.0,0.0,0.0,0.0,0.0,0.0,1.0,0.0,0.0,1.0,0.0,0.0,1.0,5.0,1.0,1.0,4.0,3.0,1.0,1.0,2.0,0.0,1.0,0.0,1.0,0.0,0.0,0.0,0.0,0.0,1.0,1.0,0.0,0.0,1.0,3.0,1.0,6.0,7.0,2.0,6.0,5.0,6.0,8.0,4.0,1.0,6.0,0.0,0.0,8.0,3.0,2.0,3.0,6.0,4.0,4.0,4.0,6.0,4.0,3.0,1.0,4.0,1.0,0.0,0.0,0.0,0.0,0.0,0.0,0.0,0.0,0.0,0.0,0.0,0.0,1.0,1.0,0.0,1.0,5.0,5.0,0.0,0.0,0.0,0.0,0.0,0.0,0.0,0.0,0.0,0.0,0.0
Del Libertador General Bernardo O’Higgins,06,Pichidegua,06113,20743.0,0,0.0,0.0,0.0,0.0,0.0,0.0,0.0,0.0,0.0,0.0,0.0,0.0,0.0,0.0,1.0,3.0,2.0,5.0,11.0,11.0,6.0,0.0,0.0,6.0,18.0,15.0,29.0,14.0,21.0,33.0,18.0,22.0,4.0,5.0,5.0,7.0,4.0,2.0,3.0,0.0,0.0,2.0,0.0,2.0,10.0,5.0,6.0,4.0,5.0,3.0,5.0,2.0,4.0,14.0,10.0,10.0,3.0,3.0,8.0,20.0,19.0,3.0,2.0,7.0,4.0,5.0,11.0,3.0,13.0,6.0,4.0,3.0,0.0,1.0,1.0,0.0,0.0,0.0,3.0,0.0,0.0,0.0,0.0,0.0,0.0,0.0,0.0,1.0,2.0,1.0,4.0,4.0,0.0,0.0,0.0,0.0,0.0,0.0,0.0,0.0,0.0,0.0,0.0
Del Libertador General Bernardo O’Higgins,06,Pichilemu,06201,17882.0,0,0.0,0.0,0.0,0.0,0.0,0.0,0.0,0.0,0.0,0.0,0.0,0.0,0.0,0.0,0.0,0.0,0.0,1.0,0.0,0.0,0.0,0.0,0.0,0.0,0.0,0.0,0.0,0.0,0.0,0.0,0.0,0.0,0.0,0.0,6.0,0.0,1.0,1.0,0.0,0.0,0.0,0.0,0.0,0.0,0.0,0.0,0.0,0.0,1.0,5.0,1.0,4.0,7.0,9.0,12.0,5.0,10.0,2.0,3.0,5.0,1.0,3.0,6.0,0.0,1.0,0.0,2.0,3.0,7.0,7.0,5.0,1.0,1.0,2.0,0.0,0.0,0.0,2.0,0.0,1.0,2.0,0.0,1.0,0.0,5.0,0.0,0.0,1.0,2.0,2.0,6.0,0.0,2.0,0.0,0.0,0.0,0.0,0.0,0.0,0.0,0.0,0.0,0.0
Del Libertador General Bernardo O’Higgins,06,Placilla,06308,9164.0,0,0.0,0.0,0.0,0.0,0.0,0.0,0.0,0.0,0.0,0.0,0.0,0.0,0.0,0.0,0.0,6.0,1.0,1.0,2.0,2.0,2.0,0.0,0.0,0.0,2.0,0.0,1.0,2.0,8.0,8.0,1.0,1.0,3.0,1.0,0.0,0.0,1.0,1.0,0.0,0.0,0.0,0.0,0.0,0.0,1.0,0.0,0.0,0.0,2.0,2.0,4.0,0.0,0.0,3.0,1.0,3.0,0.0,3.0,2.0,5.0,1.0,2.0,1.0,1.0,1.0,0.0,2.0,4.0,5.0,5.0,9.0,1.0,2.0,0.0,0.0,1.0,1.0,0.0,0.0,0.0,0.0,0.0,0.0,1.0,0.0,0.0,0.0,1.0,2.0,0.0,0.0,0.0,0.0,0.0,0.0,0.0,0.0,0.0,0.0,0.0,0.0,0.0,0.0
Del Libertador General Bernardo O’Higgins,06,Pumanque,06309,3531.0,0,0.0,0.0,0.0,0.0,0.0,0.0,0.0,0.0,0.0,0.0,0.0,0.0,0.0,0.0,0.0,0.0,0.0,0.0,0.0,0.0,0.0,0.0,0.0,0.0,0.0,0.0,0.0,0.0,0.0,2.0,0.0,0.0,0.0,0.0,0.0,0.0,0.0,0.0,0.0,0.0,0.0,0.0,0.0,0.0,0.0,2.0,0.0,1.0,3.0,3.0,1.0,0.0,0.0,0.0,0.0,0.0,0.0,2.0,1.0,3.0,2.0,0.0,4.0,4.0,0.0,8.0,0.0,2.0,2.0,4.0,0.0,0.0,2.0,0.0,0.0,0.0,0.0,0.0,0.0,0.0,0.0,0.0,0.0,0.0,0.0,0.0,0.0,0.0,0.0,0.0,1.0,0.0,0.0,0.0,0.0,0.0,0.0,0.0,0.0,0.0,0.0,0.0,0.0
Del Libertador General Bernardo O’Higgins,06,Quinta de Tilcoco,06114,13877.0,0,0.0,0.0,0.0,0.0,0.0,0.0,0.0,0.0,0.0,0.0,0.0,0.0,0.0,0.0,0.0,0.0,0.0,0.0,2.0,3.0,0.0,0.0,1.0,1.0,1.0,0.0,0.0,1.0,0.0,0.0,0.0,2.0,1.0,1.0,0.0,1.0,1.0,0.0,0.0,0.0,0.0,0.0,0.0,0.0,1.0,1.0,0.0,3.0,4.0,6.0,4.0,1.0,0.0,2.0,1.0,0.0,6.0,3.0,1.0,3.0,2.0,5.0,1.0,4.0,2.0,2.0,7.0,9.0,3.0,4.0,6.0,8.0,0.0,0.0,0.0,1.0,1.0,2.0,0.0,0.0,0.0,0.0,0.0,0.0,0.0,0.0,0.0,0.0,0.0,0.0,0.0,0.0,0.0,0.0,0.0,0.0,0.0,0.0,0.0,0.0,0.0,0.0,0.0
Del Libertador General Bernardo O’Higgins,06,Rancagua,06101,265211.0,0,0.0,0.0,0.0,0.0,0.0,0.0,0.0,0.0,0.0,0.0,0.0,2.0,7.0,6.0,15.0,37.0,62.0,145.0,140.0,85.0,76.0,18.0,11.0,24.0,37.0,37.0,53.0,56.0,66.0,66.0,55.0,60.0,46.0,39.0,41.0,38.0,25.0,29.0,19.0,28.0,22.0,24.0,36.0,33.0,41.0,29.0,37.0,50.0,62.0,46.0,63.0,47.0,80.0,46.0,63.0,80.0,90.0,82.0,134.0,143.0,115.0,114.0,115.0,106.0,138.0,135.0,152.0,182.0,180.0,114.0,92.0,69.0,40.0,23.0,28.0,28.0,14.0,16.0,13.0,19.0,13.0,14.0,10.0,12.0,10.0,24.0,19.0,19.0,12.0,17.0,38.0,10.0,2.0,1.0,1.0,1.0,0.0,0.0,1.0,0.0,1.0,0.0,0.0
Del Libertador General Bernardo O’Higgins,06,Rengo,06115,63710.0,0,0.0,0.0,0.0,0.0,0.0,0.0,0.0,0.0,0.0,0.0,0.0,1.0,0.0,0.0,5.0,6.0,10.0,38.0,55.0,29.0,25.0,4.0,11.0,18.0,23.0,25.0,19.0,11.0,24.0,12.0,3.0,18.0,17.0,22.0,15.0,16.0,7.0,4.0,4.0,7.0,3.0,11.0,10.0,6.0,8.0,19.0,24.0,13.0,25.0,31.0,37.0,29.0,17.0,30.0,39.0,35.0,39.0,28.0,40.0,59.0,48.0,34.0,53.0,44.0,42.0,49.0,57.0,66.0,73.0,49.0,24.0,22.0,12.0,4.0,4.0,5.0,2.0,5.0,2.0,3.0,2.0,0.0,0.0,2.0,5.0,4.0,21.0,21.0,15.0,14.0,4.0,10.0,2.0,0.0,0.0,0.0,0.0,0.0,0.0,0.0,0.0,0.0,0.0
Del Libertador General Bernardo O’Higgins,06,Requinoa,06116,30371.0,0,0.0,0.0,0.0,0.0,0.0,0.0,0.0,0.0,0.0,0.0,0.0,0.0,0.0,0.0,0.0,2.0,6.0,19.0,15.0,10.0,10.0,0.0,2.0,5.0,5.0,5.0,2.0,2.0,2.0,3.0,0.0,8.0,7.0,3.0,5.0,2.0,0.0,2.0,1.0,6.0,2.0,3.0,3.0,5.0,0.0,8.0,10.0,4.0,8.0,18.0,20.0,10.0,10.0,6.0,7.0,10.0,5.0,7.0,12.0,13.0,18.0,12.0,15.0,17.0,20.0,13.0,14.0,6.0,9.0,17.0,9.0,19.0,5.0,0.0,5.0,4.0,1.0,1.0,1.0,2.0,5.0,0.0,1.0,2.0,0.0,0.0,2.0,0.0,1.0,0.0,0.0,0.0,0.0,0.0,0.0,0.0,0.0,0.0,0.0,0.0,0.0,0.0,0.0
Del Libertador General Bernardo O’Higgins,06,San Fernando,06301,78642.0,0,0.0,0.0,0.0,0.0,0.0,0.0,0.0,0.0,0.0,0.0,0.0,0.0,1.0,0.0,1.0,2.0,5.0,9.0,16.0,9.0,15.0,2.0,5.0,5.0,13.0,22.0,17.0,12.0,12.0,8.0,15.0,15.0,29.0,13.0,25.0,19.0,12.0,15.0,16.0,13.0,5.0,21.0,11.0,13.0,5.0,14.0,14.0,14.0,16.0,19.0,12.0,22.0,22.0,8.0,22.0,42.0,53.0,59.0,41.0,35.0,31.0,16.0,16.0,18.0,11.0,13.0,21.0,12.0,25.0,20.0,12.0,11.0,6.0,1.0,9.0,9.0,10.0,1.0,2.0,0.0,0.0,0.0,0.0,4.0,0.0,1.0,3.0,1.0,4.0,1.0,7.0,6.0,0.0,1.0,0.0,0.0,0.0,0.0,0.0,0.0,0.0,1.0,0.0
Del Libertador General Bernardo O’Higgins,06,San Vicente,06117,50617.0,0,0.0,0.0,0.0,0.0,0.0,0.0,0.0,0.0,0.0,0.0,0.0,0.0,1.0,0.0,1.0,1.0,3.0,21.0,21.0,27.0,17.0,11.0,14.0,9.0,35.0,28.0,12.0,9.0,9.0,2.0,5.0,5.0,8.0,4.0,1.0,4.0,5.0,1.0,0.0,2.0,2.0,3.0,1.0,0.0,3.0,15.0,18.0,21.0,17.0,26.0,22.0,19.0,18.0,8.0,6.0,14.0,13.0,15.0,15.0,23.0,17.0,11.0,6.0,5.0,14.0,13.0,13.0,10.0,14.0,11.0,7.0,14.0,3.0,3.0,3.0,1.0,0.0,0.0,1.0,0.0,0.0,2.0,0.0,0.0,0.0,1.0,2.0,4.0,4.0,7.0,2.0,2.0,0.0,0.0,0.0,0.0,0.0,0.0,0.0,0.0,0.0,0.0,0.0
Del Libertador General Bernardo O’Higgins,06,Santa Cruz,06310,41096.0,0,0.0,0.0,0.0,0.0,0.0,0.0,0.0,0.0,0.0,0.0,0.0,0.0,0.0,0.0,0.0,0.0,8.0,2.0,1.0,3.0,3.0,1.0,1.0,0.0,3.0,6.0,7.0,7.0,6.0,9.0,3.0,2.0,0.0,0.0,1.0,0.0,1.0,0.0,0.0,0.0,0.0,1.0,3.0,0.0,2.0,0.0,1.0,1.0,3.0,6.0,10.0,6.0,6.0,9.0,13.0,9.0,10.0,28.0,10.0,7.0,11.0,5.0,12.0,8.0,17.0,11.0,20.0,13.0,24.0,15.0,13.0,6.0,4.0,4.0,3.0,1.0,0.0,2.0,0.0,1.0,0.0,1.0,0.0,1.0,1.0,2.0,0.0,3.0,1.0,2.0,4.0,2.0,0.0,0.0,0.0,0.0,0.0,0.0,0.0,0.0,0.0,0.0,0.0
Del Libertador General Bernardo O’Higgins,06,Desconocido O’Higgins,,,0,0.0,0.0,0.0,0.0,0.0,0.0,0.0,0.0,0.0,0.0,0.0,0.0,0.0,0.0,0.0,0.0,0.0,0.0,0.0,0.0,0.0,0.0,0.0,0.0,0.0,0.0,0.0,0.0,0.0,0.0,0.0,0.0,0.0,0.0,0.0,0.0,0.0,0.0,0.0,0.0,0.0,0.0,0.0,0.0,0.0,0.0,0.0,0.0,0.0,0.0,0.0,0.0,0.0,0.0,0.0,0.0,0.0,0.0,0.0,0.0,0.0,0.0,0.0,0.0,0.0,0.0,0.0,0.0,0.0,0.0,0.0,0.0,0.0,0.0,0.0,0.0,0.0,0.0,0.0,0.0,0.0,0.0,0.0,0.0,0.0,0.0,0.0,0.0,0.0,0.0,0.0,0.0,0.0,0.0,0.0,0.0,0.0,0.0,0.0,0.0,0.0,0.0,0.0
Del Libertador General Bernardo O’Higgins,06,Total,,991063.0,0.0,0.0,0.0,0.0,0.0,0.0,0.0,0.0,0.0,0.0,1.0,1.0,7.0,12.0,9.0,35.0,91.0,157.0,356.0,355.0,269.0,224.0,59.0,64.0,110.0,184.0,238.0,222.0,204.0,254.0,206.0,176.0,211.0,171.0,130.0,138.0,123.0,85.0,81.0,69.0,93.0,46.0,82.0,82.0,101.0,97.0,147.0,157.0,152.0,192.0,273.0,282.0,234.0,275.0,241.0,268.0,334.0,359.0,387.0,401.0,523.0,443.0,344.0,377.0,339.0,415.0,405.0,493.0,502.0,556.0,401.0,290.0,220.0,136.0,87.0,78.0,66.0,49.0,36.0,34.0,39.0,36.0,25.0,19.0,38.0,36.0,37.0,68.0,79.0,60.0,86.0,101.0,66.0,6.0,2.0,1.0,1.0,0.0,1.0,2.0,0.0,1.0,1.0,0.0
,,,,,,,,,,,,,,,,,,,,,,,,,,,,,,,,,,,,,,,,,,,,,,,,,,,,,,,,,,,,,,,,,,,,,,,,,,,,,,,,,,,,,,,,,,,,,,,,,,,,,,,,,,,,
Maule,07,Cauquenes,07201,44143.0,0,0.0,0.0,0.0,0.0,0.0,0.0,0.0,0.0,1.0,0.0,0.0,0.0,0.0,0.0,0.0,7.0,4.0,4.0,5.0,3.0,1.0,0.0,0.0,0.0,0.0,1.0,0.0,6.0,0.0,1.0,0.0,1.0,0.0,1.0,0.0,0.0,1.0,0.0,0.0,1.0,0.0,2.0,0.0,2.0,4.0,2.0,2.0,2.0,1.0,3.0,4.0,7.0,9.0,2.0,6.0,7.0,11.0,13.0,5.0,3.0,4.0,2.0,5.0,4.0,2.0,7.0,7.0,5.0,3.0,8.0,3.0,8.0,2.0,3.0,8.0,4.0,3.0,1.0,4.0,1.0,2.0,2.0,2.0,0.0,2.0,1.0,0.0,3.0,1.0,1.0,1.0,1.0,0.0,0.0,0.0,0.0,0.0,0.0,0.0,0.0,0.0,0.0,0.0
Maule,07,Chanco,07202,9331.0,0,0.0,0.0,0.0,0.0,0.0,0.0,0.0,0.0,0.0,0.0,0.0,0.0,0.0,0.0,0.0,0.0,0.0,0.0,0.0,1.0,2.0,2.0,0.0,1.0,0.0,0.0,0.0,0.0,0.0,0.0,0.0,0.0,0.0,0.0,0.0,0.0,0.0,0.0,0.0,0.0,0.0,0.0,1.0,0.0,0.0,0.0,0.0,1.0,0.0,0.0,1.0,0.0,2.0,1.0,5.0,13.0,6.0,0.0,5.0,2.0,3.0,0.0,0.0,0.0,1.0,2.0,9.0,1.0,0.0,1.0,2.0,1.0,0.0,0.0,0.0,0.0,0.0,1.0,0.0,1.0,1.0,0.0,0.0,1.0,0.0,0.0,0.0,1.0,0.0,0.0,0.0,0.0,0.0,0.0,0.0,0.0,0.0,0.0,0.0,0.0,0.0,0.0,0.0
Maule,07,Colbun,07402,22565.0,0,0.0,0.0,0.0,0.0,0.0,0.0,0.0,0.0,0.0,0.0,0.0,0.0,0.0,0.0,0.0,0.0,1.0,5.0,8.0,6.0,3.0,3.0,2.0,1.0,0.0,0.0,0.0,0.0,0.0,0.0,0.0,0.0,0.0,0.0,0.0,0.0,0.0,0.0,0.0,0.0,0.0,0.0,0.0,0.0,0.0,0.0,0.0,3.0,1.0,2.0,8.0,3.0,5.0,2.0,6.0,4.0,2.0,5.0,4.0,11.0,16.0,3.0,4.0,0.0,1.0,3.0,1.0,3.0,0.0,1.0,0.0,1.0,2.0,0.0,0.0,0.0,2.0,0.0,1.0,0.0,0.0,0.0,0.0,2.0,3.0,0.0,0.0,1.0,1.0,1.0,2.0,0.0,0.0,0.0,0.0,0.0,0.0,0.0,0.0,0.0,0.0,0.0,0.0
Maule,07,Constitucion,07102,50348.0,0,0.0,0.0,0.0,0.0,0.0,0.0,0.0,0.0,0.0,0.0,0.0,0.0,0.0,0.0,0.0,0.0,4.0,7.0,2.0,5.0,4.0,2.0,5.0,1.0,0.0,0.0,0.0,0.0,0.0,1.0,0.0,0.0,0.0,1.0,0.0,0.0,1.0,0.0,3.0,1.0,1.0,0.0,2.0,1.0,0.0,0.0,2.0,2.0,4.0,6.0,8.0,21.0,4.0,5.0,10.0,1.0,7.0,21.0,22.0,20.0,15.0,12.0,11.0,24.0,15.0,13.0,15.0,16.0,6.0,11.0,16.0,21.0,9.0,1.0,1.0,1.0,1.0,0.0,0.0,0.0,0.0,0.0,1.0,0.0,3.0,2.0,0.0,0.0,0.0,4.0,2.0,2.0,1.0,0.0,0.0,0.0,0.0,0.0,0.0,0.0,0.0,1.0,0.0
Maule,07,Curepto,07103,9426.0,0,0.0,0.0,0.0,0.0,0.0,0.0,0.0,0.0,0.0,0.0,0.0,0.0,0.0,0.0,0.0,0.0,0.0,1.0,0.0,4.0,0.0,0.0,1.0,0.0,0.0,0.0,0.0,0.0,0.0,0.0,0.0,0.0,0.0,0.0,0.0,0.0,0.0,1.0,0.0,1.0,0.0,0.0,0.0,0.0,0.0,0.0,1.0,0.0,0.0,1.0,5.0,0.0,1.0,0.0,0.0,2.0,0.0,0.0,3.0,3.0,2.0,0.0,5.0,1.0,1.0,1.0,3.0,1.0,2.0,0.0,0.0,0.0,1.0,0.0,1.0,0.0,0.0,0.0,0.0,0.0,0.0,0.0,0.0,0.0,0.0,0.0,0.0,0.0,0.0,0.0,0.0,2.0,0.0,0.0,0.0,0.0,0.0,0.0,0.0,0.0,0.0,0.0,0.0
Maule,07,Curico,07301,163626.0,0,0.0,0.0,0.0,0.0,0.0,0.0,0.0,0.0,0.0,0.0,0.0,0.0,0.0,2.0,0.0,0.0,0.0,0.0,2.0,0.0,0.0,1.0,0.0,0.0,0.0,0.0,0.0,1.0,0.0,0.0,0.0,0.0,0.0,0.0,0.0,0.0,0.0,0.0,0.0,0.0,0.0,0.0,0.0,0.0,1.0,3.0,1.0,2.0,2.0,20.0,38.0,23.0,27.0,54.0,42.0,63.0,108.0,142.0,125.0,179.0,156.0,155.0,129.0,128.0,114.0,115.0,101.0,105.0,88.0,43.0,36.0,31.0,31.0,13.0,17.0,11.0,13.0,7.0,4.0,6.0,8.0,5.0,2.0,4.0,3.0,2.0,5.0,5.0,7.0,35.0,49.0,63.0,4.0,2.0,0.0,0.0,0.0,0.0,0.0,0.0,0.0,0.0,0.0
Maule,07,Empedrado,07104,4206.0,0,0.0,0.0,0.0,0.0,0.0,0.0,0.0,0.0,0.0,0.0,0.0,0.0,0.0,0.0,0.0,0.0,0.0,0.0,0.0,0.0,0.0,0.0,0.0,0.0,0.0,0.0,0.0,0.0,0.0,0.0,0.0,0.0,0.0,0.0,0.0,0.0,0.0,0.0,0.0,0.0,0.0,0.0,0.0,0.0,0.0,0.0,0.0,0.0,0.0,0.0,3.0,0.0,2.0,0.0,0.0,0.0,0.0,0.0,0.0,0.0,0.0,1.0,4.0,0.0,2.0,0.0,0.0,0.0,1.0,0.0,0.0,0.0,0.0,0.0,0.0,1.0,0.0,0.0,0.0,0.0,0.0,0.0,0.0,0.0,0.0,0.0,0.0,0.0,0.0,1.0,0.0,0.0,0.0,0.0,0.0,0.0,0.0,0.0,0.0,0.0,0.0,0.0,0.0
Maule,07,Hualane,07302,10222.0,0,0.0,0.0,0.0,0.0,0.0,0.0,0.0,0.0,0.0,0.0,0.0,0.0,0.0,0.0,0.0,0.0,0.0,0.0,2.0,0.0,0.0,0.0,0.0,0.0,0.0,0.0,0.0,0.0,0.0,0.0,0.0,0.0,0.0,0.0,0.0,0.0,0.0,0.0,0.0,0.0,0.0,0.0,0.0,0.0,0.0,0.0,0.0,0.0,0.0,2.0,3.0,2.0,8.0,2.0,0.0,5.0,0.0,5.0,5.0,9.0,9.0,7.0,2.0,4.0,5.0,3.0,10.0,1.0,6.0,3.0,3.0,10.0,8.0,0.0,0.0,1.0,1.0,7.0,0.0,0.0,0.0,0.0,0.0,0.0,0.0,0.0,0.0,0.0,0.0,5.0,5.0,3.0,0.0,0.0,0.0,0.0,0.0,0.0,0.0,0.0,0.0,0.0,0.0
Maule,07,Licanten,07303,6989.0,0,0.0,0.0,0.0,0.0,0.0,0.0,0.0,0.0,0.0,0.0,0.0,0.0,0.0,0.0,0.0,0.0,0.0,0.0,0.0,0.0,0.0,0.0,0.0,0.0,0.0,0.0,0.0,0.0,0.0,1.0,0.0,0.0,0.0,0.0,0.0,0.0,0.0,0.0,0.0,0.0,0.0,0.0,0.0,0.0,0.0,0.0,0.0,0.0,1.0,7.0,1.0,4.0,1.0,2.0,0.0,0.0,0.0,0.0,1.0,3.0,2.0,0.0,2.0,3.0,3.0,3.0,4.0,3.0,0.0,0.0,1.0,2.0,1.0,0.0,0.0,0.0,0.0,0.0,0.0,0.0,0.0,0.0,0.0,0.0,0.0,0.0,0.0,0.0,0.0,0.0,0.0,0.0,0.0,0.0,0.0,0.0,0.0,0.0,0.0,0.0,0.0,0.0,0.0
Maule,07,Linares,07401,101073.0,0,0.0,0.0,0.0,0.0,0.0,0.0,0.0,0.0,0.0,0.0,0.0,0.0,0.0,0.0,2.0,0.0,0.0,13.0,18.0,14.0,6.0,0.0,1.0,2.0,0.0,0.0,1.0,0.0,3.0,0.0,0.0,1.0,1.0,1.0,3.0,2.0,4.0,0.0,3.0,3.0,5.0,1.0,2.0,3.0,2.0,4.0,6.0,7.0,8.0,20.0,36.0,31.0,26.0,29.0,28.0,24.0,33.0,44.0,30.0,55.0,49.0,31.0,33.0,46.0,42.0,34.0,45.0,59.0,57.0,31.0,44.0,29.0,17.0,8.0,28.0,3.0,12.0,5.0,4.0,0.0,5.0,5.0,2.0,4.0,1.0,3.0,6.0,10.0,11.0,10.0,15.0,3.0,0.0,0.0,0.0,0.0,0.0,0.0,0.0,0.0,0.0,0.0,0.0
Maule,07,Longavi,07403,32810.0,0,0.0,0.0,0.0,0.0,0.0,0.0,0.0,0.0,0.0,0.0,0.0,0.0,0.0,0.0,1.0,3.0,5.0,6.0,12.0,13.0,8.0,1.0,2.0,0.0,1.0,0.0,0.0,1.0,3.0,5.0,2.0,0.0,0.0,1.0,0.0,1.0,0.0,2.0,0.0,4.0,1.0,2.0,2.0,3.0,3.0,4.0,3.0,5.0,6.0,4.0,25.0,18.0,22.0,13.0,19.0,10.0,23.0,14.0,15.0,26.0,38.0,42.0,28.0,33.0,15.0,19.0,21.0,26.0,18.0,12.0,7.0,3.0,2.0,4.0,4.0,1.0,7.0,1.0,5.0,2.0,0.0,0.0,1.0,0.0,0.0,0.0,2.0,0.0,0.0,10.0,5.0,4.0,0.0,0.0,0.0,0.0,0.0,0.0,0.0,0.0,0.0,0.0,0.0
Maule,07,Maule,07105,60000.0,0,0.0,0.0,0.0,0.0,0.0,0.0,0.0,0.0,0.0,0.0,0.0,0.0,0.0,0.0,0.0,1.0,4.0,6.0,6.0,4.0,4.0,0.0,0.0,0.0,0.0,0.0,0.0,0.0,0.0,0.0,0.0,0.0,0.0,0.0,0.0,0.0,0.0,0.0,1.0,0.0,0.0,0.0,0.0,0.0,0.0,0.0,0.0,0.0,2.0,13.0,32.0,10.0,20.0,13.0,14.0,21.0,7.0,21.0,15.0,11.0,12.0,4.0,12.0,10.0,9.0,18.0,15.0,16.0,8.0,11.0,7.0,2.0,1.0,2.0,4.0,0.0,3.0,0.0,4.0,3.0,0.0,0.0,0.0,1.0,0.0,2.0,0.0,6.0,2.0,5.0,2.0,4.0,0.0,0.0,0.0,0.0,0.0,0.0,0.0,0.0,0.0,0.0,0.0
Maule,07,Molina,07304,49800.0,0,0.0,0.0,0.0,0.0,0.0,0.0,0.0,0.0,0.0,0.0,0.0,0.0,0.0,0.0,0.0,0.0,0.0,0.0,0.0,1.0,6.0,1.0,0.0,0.0,0.0,0.0,0.0,0.0,0.0,0.0,0.0,0.0,0.0,0.0,0.0,1.0,0.0,0.0,0.0,0.0,0.0,0.0,1.0,0.0,0.0,2.0,2.0,1.0,0.0,0.0,6.0,7.0,10.0,6.0,2.0,15.0,13.0,15.0,12.0,15.0,32.0,28.0,28.0,11.0,6.0,7.0,10.0,6.0,8.0,8.0,6.0,5.0,4.0,2.0,2.0,2.0,1.0,1.0,1.0,0.0,0.0,0.0,1.0,1.0,2.0,1.0,0.0,1.0,0.0,1.0,0.0,3.0,0.0,0.0,0.0,1.0,0.0,0.0,0.0,0.0,0.0,0.0,0.0
Maule,07,Parral,07404,44544.0,0,0.0,0.0,0.0,0.0,0.0,0.0,0.0,0.0,0.0,0.0,0.0,0.0,0.0,0.0,0.0,0.0,0.0,0.0,0.0,0.0,0.0,0.0,0.0,0.0,0.0,0.0,0.0,0.0,0.0,0.0,0.0,0.0,0.0,0.0,0.0,0.0,0.0,2.0,0.0,0.0,0.0,0.0,0.0,0.0,0.0,0.0,0.0,0.0,0.0,9.0,6.0,4.0,8.0,3.0,4.0,5.0,3.0,3.0,9.0,4.0,6.0,6.0,5.0,6.0,13.0,6.0,7.0,6.0,9.0,2.0,5.0,0.0,1.0,1.0,1.0,0.0,0.0,1.0,0.0,1.0,0.0,0.0,1.0,1.0,1.0,0.0,2.0,0.0,3.0,3.0,5.0,3.0,0.0,0.0,0.0,0.0,0.0,0.0,0.0,0.0,0.0,0.0,0.0
Maule,07,Pelarco,07106,9083.0,0,0.0,0.0,0.0,0.0,0.0,0.0,0.0,0.0,0.0,0.0,0.0,0.0,0.0,0.0,0.0,0.0,1.0,0.0,0.0,0.0,0.0,0.0,1.0,0.0,0.0,0.0,0.0,0.0,0.0,0.0,0.0,0.0,0.0,0.0,0.0,0.0,0.0,0.0,0.0,0.0,0.0,0.0,0.0,0.0,0.0,0.0,0.0,0.0,1.0,0.0,0.0,1.0,0.0,0.0,0.0,1.0,0.0,1.0,0.0,0.0,0.0,2.0,0.0,0.0,1.0,2.0,1.0,5.0,1.0,1.0,0.0,0.0,0.0,0.0,0.0,1.0,2.0,1.0,0.0,0.0,0.0,0.0,0.0,0.0,0.0,0.0,0.0,0.0,0.0,0.0,1.0,0.0,0.0,0.0,0.0,0.0,0.0,0.0,0.0,0.0,0.0,1.0,0.0
Maule,07,Pelluhue,07203,8092.0,0,0.0,0.0,0.0,0.0,0.0,0.0,0.0,0.0,0.0,0.0,0.0,0.0,0.0,0.0,0.0,0.0,0.0,0.0,0.0,0.0,0.0,0.0,0.0,0.0,1.0,0.0,0.0,0.0,0.0,0.0,0.0,0.0,0.0,0.0,0.0,0.0,0.0,0.0,0.0,0.0,0.0,0.0,0.0,0.0,0.0,0.0,0.0,0.0,0.0,0.0,0.0,1.0,1.0,0.0,0.0,1.0,1.0,3.0,0.0,0.0,1.0,0.0,0.0,2.0,1.0,1.0,5.0,5.0,3.0,0.0,0.0,0.0,0.0,0.0,0.0,0.0,0.0,0.0,0.0,1.0,0.0,0.0,0.0,0.0,0.0,0.0,0.0,0.0,0.0,0.0,1.0,0.0,0.0,0.0,0.0,0.0,0.0,0.0,0.0,0.0,0.0,0.0,0.0
Maule,07,Pencahue,07107,8601.0,0,0.0,0.0,0.0,0.0,0.0,0.0,0.0,0.0,0.0,0.0,0.0,0.0,0.0,0.0,0.0,0.0,0.0,0.0,0.0,2.0,1.0,0.0,0.0,0.0,0.0,0.0,0.0,1.0,0.0,0.0,0.0,0.0,0.0,0.0,0.0,0.0,0.0,0.0,0.0,0.0,0.0,0.0,0.0,0.0,0.0,0.0,0.0,0.0,0.0,1.0,9.0,0.0,6.0,3.0,0.0,3.0,2.0,1.0,1.0,2.0,1.0,0.0,8.0,7.0,3.0,2.0,4.0,1.0,1.0,2.0,1.0,0.0,0.0,0.0,0.0,0.0,0.0,0.0,0.0,1.0,0.0,0.0,0.0,0.0,0.0,0.0,0.0,1.0,0.0,0.0,0.0,0.0,0.0,0.0,0.0,0.0,0.0,0.0,0.0,0.0,0.0,0.0,0.0
Maule,07,Rauco,07305,11248.0,0,0.0,0.0,0.0,0.0,0.0,0.0,0.0,0.0,0.0,0.0,0.0,0.0,0.0,0.0,0.0,0.0,0.0,0.0,0.0,0.0,0.0,0.0,0.0,0.0,0.0,0.0,0.0,0.0,0.0,0.0,0.0,0.0,0.0,0.0,0.0,0.0,0.0,0.0,0.0,0.0,0.0,0.0,0.0,0.0,0.0,0.0,0.0,1.0,1.0,9.0,3.0,3.0,5.0,0.0,2.0,6.0,5.0,6.0,15.0,39.0,25.0,19.0,3.0,5.0,7.0,11.0,5.0,7.0,2.0,3.0,3.0,7.0,0.0,4.0,2.0,0.0,1.0,1.0,1.0,0.0,0.0,0.0,1.0,0.0,0.0,0.0,0.0,0.0,0.0,0.0,2.0,0.0,0.0,0.0,0.0,0.0,0.0,0.0,0.0,0.0,0.0,0.0,0.0
Maule,07,Retiro,07405,21071.0,0,0.0,0.0,0.0,0.0,0.0,0.0,0.0,0.0,0.0,0.0,0.0,0.0,0.0,0.0,0.0,1.0,4.0,0.0,0.0,5.0,0.0,0.0,0.0,0.0,0.0,0.0,0.0,0.0,0.0,0.0,0.0,0.0,0.0,0.0,0.0,2.0,5.0,0.0,1.0,1.0,0.0,0.0,0.0,0.0,0.0,0.0,6.0,0.0,0.0,1.0,4.0,0.0,2.0,4.0,5.0,3.0,3.0,2.0,5.0,8.0,7.0,5.0,4.0,3.0,3.0,6.0,3.0,3.0,2.0,2.0,4.0,3.0,0.0,2.0,0.0,0.0,0.0,0.0,0.0,1.0,0.0,0.0,1.0,0.0,0.0,4.0,1.0,7.0,1.0,1.0,4.0,1.0,0.0,0.0,0.0,0.0,0.0,0.0,0.0,0.0,0.0,0.0,0.0
Maule,07,Rio Claro,07108,14753.0,0,0.0,0.0,0.0,0.0,0.0,0.0,0.0,0.0,0.0,0.0,0.0,0.0,0.0,0.0,0.0,0.0,0.0,0.0,0.0,0.0,0.0,0.0,0.0,0.0,0.0,0.0,0.0,0.0,0.0,0.0,0.0,1.0,1.0,1.0,0.0,0.0,0.0,0.0,0.0,0.0,0.0,0.0,0.0,0.0,0.0,1.0,0.0,0.0,0.0,0.0,1.0,0.0,2.0,2.0,0.0,0.0,2.0,4.0,3.0,0.0,0.0,1.0,2.0,1.0,0.0,1.0,2.0,3.0,0.0,0.0,1.0,0.0,0.0,1.0,0.0,0.0,5.0,0.0,0.0,0.0,0.0,0.0,0.0,0.0,1.0,0.0,0.0,0.0,0.0,1.0,0.0,0.0,0.0,0.0,0.0,0.0,0.0,0.0,0.0,0.0,0.0,1.0,0.0
Maule,07,Romeral,07306,16170.0,0,0.0,0.0,0.0,0.0,0.0,0.0,0.0,0.0,0.0,0.0,0.0,0.0,0.0,0.0,0.0,0.0,0.0,0.0,0.0,0.0,0.0,0.0,1.0,1.0,1.0,0.0,0.0,0.0,0.0,0.0,0.0,1.0,0.0,0.0,0.0,0.0,0.0,0.0,0.0,0.0,0.0,0.0,0.0,0.0,0.0,2.0,1.0,0.0,0.0,3.0,5.0,6.0,11.0,11.0,3.0,3.0,9.0,6.0,10.0,3.0,6.0,10.0,9.0,14.0,6.0,7.0,6.0,13.0,9.0,10.0,4.0,3.0,1.0,0.0,0.0,0.0,1.0,0.0,0.0,0.0,0.0,0.0,0.0,1.0,0.0,0.0,2.0,0.0,0.0,1.0,2.0,1.0,0.0,0.0,0.0,0.0,0.0,0.0,0.0,0.0,0.0,0.0,0.0
Maule,07,Sagrada Familia,07307,19469.0,0,0.0,0.0,0.0,0.0,0.0,0.0,0.0,0.0,0.0,0.0,0.0,0.0,0.0,0.0,0.0,0.0,0.0,0.0,1.0,0.0,0.0,0.0,0.0,0.0,0.0,1.0,0.0,1.0,0.0,2.0,0.0,1.0,0.0,0.0,2.0,0.0,0.0,3.0,4.0,0.0,1.0,4.0,3.0,5.0,7.0,3.0,15.0,10.0,5.0,6.0,13.0,4.0,8.0,5.0,4.0,4.0,6.0,1.0,4.0,9.0,6.0,17.0,6.0,3.0,10.0,3.0,8.0,5.0,3.0,15.0,7.0,3.0,1.0,1.0,2.0,8.0,1.0,0.0,0.0,0.0,0.0,0.0,0.0,0.0,0.0,0.0,0.0,0.0,0.0,0.0,1.0,5.0,0.0,0.0,0.0,0.0,0.0,0.0,0.0,0.0,0.0,0.0,0.0
Maule,07,San Clemente,07109,46292.0,0,0.0,0.0,1.0,0.0,0.0,0.0,0.0,0.0,0.0,0.0,0.0,0.0,0.0,0.0,0.0,0.0,0.0,0.0,3.0,2.0,2.0,1.0,1.0,1.0,0.0,2.0,0.0,0.0,1.0,1.0,0.0,1.0,1.0,0.0,0.0,0.0,0.0,0.0,1.0,1.0,0.0,1.0,1.0,0.0,0.0,0.0,1.0,0.0,3.0,9.0,16.0,17.0,15.0,17.0,7.0,12.0,7.0,13.0,32.0,30.0,14.0,16.0,7.0,9.0,12.0,4.0,9.0,6.0,2.0,9.0,1.0,3.0,0.0,5.0,0.0,0.0,0.0,1.0,0.0,0.0,1.0,0.0,0.0,0.0,0.0,0.0,0.0,3.0,0.0,0.0,4.0,3.0,0.0,0.0,0.0,0.0,0.0,0.0,0.0,0.0,0.0,0.0,0.0
Maule,07,San Javier,07406,49451.0,0,0.0,0.0,0.0,0.0,0.0,0.0,0.0,0.0,0.0,0.0,0.0,0.0,0.0,0.0,2.0,9.0,8.0,4.0,3.0,5.0,4.0,0.0,3.0,1.0,7.0,0.0,1.0,2.0,2.0,0.0,0.0,1.0,1.0,0.0,0.0,0.0,1.0,0.0,0.0,0.0,0.0,1.0,0.0,1.0,0.0,0.0,1.0,6.0,3.0,16.0,15.0,9.0,9.0,8.0,7.0,2.0,18.0,13.0,8.0,16.0,13.0,19.0,15.0,7.0,7.0,4.0,2.0,4.0,5.0,4.0,0.0,3.0,2.0,1.0,2.0,6.0,1.0,5.0,0.0,0.0,0.0,0.0,0.0,2.0,0.0,0.0,2.0,2.0,2.0,1.0,4.0,5.0,0.0,0.0,0.0,0.0,0.0,1.0,0.0,0.0,0.0,0.0,0.0
Maule,07,San Rafael,07110,9959.0,0,0.0,0.0,0.0,0.0,0.0,0.0,0.0,0.0,0.0,0.0,0.0,0.0,0.0,0.0,0.0,2.0,0.0,0.0,3.0,1.0,1.0,0.0,0.0,0.0,0.0,0.0,1.0,1.0,0.0,0.0,0.0,0.0,0.0,0.0,0.0,0.0,0.0,0.0,0.0,0.0,0.0,0.0,0.0,0.0,0.0,0.0,0.0,0.0,0.0,0.0,0.0,0.0,2.0,0.0,1.0,0.0,0.0,1.0,0.0,0.0,2.0,1.0,2.0,3.0,3.0,0.0,6.0,3.0,7.0,1.0,3.0,1.0,1.0,4.0,1.0,0.0,0.0,1.0,0.0,0.0,0.0,0.0,0.0,1.0,0.0,0.0,0.0,1.0,0.0,0.0,0.0,0.0,0.0,0.0,0.0,0.0,0.0,0.0,0.0,0.0,0.0,0.0,0.0
Maule,07,Talca,07101,236724.0,0,0.0,0.0,0.0,0.0,0.0,0.0,0.0,0.0,0.0,1.0,0.0,0.0,1.0,0.0,4.0,18.0,19.0,15.0,40.0,45.0,20.0,1.0,4.0,15.0,21.0,13.0,6.0,1.0,1.0,0.0,0.0,0.0,0.0,1.0,0.0,3.0,0.0,1.0,1.0,0.0,0.0,0.0,0.0,0.0,0.0,1.0,0.0,0.0,5.0,55.0,74.0,84.0,72.0,47.0,32.0,40.0,94.0,100.0,82.0,89.0,89.0,63.0,71.0,71.0,131.0,106.0,154.0,117.0,78.0,82.0,111.0,40.0,26.0,23.0,26.0,19.0,21.0,13.0,9.0,8.0,9.0,3.0,5.0,1.0,4.0,8.0,14.0,9.0,5.0,16.0,18.0,11.0,0.0,1.0,0.0,1.0,0.0,0.0,0.0,0.0,0.0,1.0,0.0
Maule,07,Teno,07308,30850.0,0,0.0,0.0,0.0,0.0,0.0,0.0,0.0,0.0,0.0,0.0,0.0,0.0,0.0,0.0,0.0,0.0,0.0,0.0,1.0,1.0,0.0,0.0,1.0,0.0,0.0,0.0,0.0,0.0,1.0,0.0,0.0,1.0,0.0,0.0,1.0,2.0,0.0,1.0,1.0,1.0,0.0,0.0,1.0,1.0,2.0,3.0,6.0,2.0,1.0,5.0,6.0,9.0,11.0,9.0,10.0,8.0,31.0,13.0,13.0,35.0,44.0,45.0,12.0,20.0,12.0,20.0,2.0,9.0,23.0,19.0,14.0,3.0,3.0,2.0,3.0,3.0,1.0,2.0,0.0,1.0,2.0,0.0,0.0,1.0,0.0,1.0,0.0,0.0,0.0,1.0,7.0,8.0,0.0,0.0,0.0,0.0,0.0,0.0,0.0,0.0,0.0,0.0,0.0
Maule,07,Vichuquen,07309,4381.0,0,0.0,0.0,0.0,0.0,0.0,0.0,0.0,0.0,0.0,0.0,0.0,0.0,0.0,0.0,0.0,0.0,0.0,0.0,0.0,0.0,0.0,0.0,0.0,0.0,0.0,0.0,0.0,0.0,0.0,0.0,0.0,0.0,0.0,0.0,0.0,0.0,0.0,0.0,0.0,0.0,0.0,0.0,0.0,0.0,0.0,0.0,0.0,0.0,0.0,2.0,4.0,2.0,1.0,0.0,0.0,0.0,0.0,2.0,0.0,2.0,1.0,0.0,0.0,0.0,0.0,1.0,1.0,2.0,1.0,2.0,2.0,0.0,1.0,0.0,0.0,0.0,4.0,0.0,0.0,0.0,0.0,0.0,0.0,0.0,0.0,0.0,0.0,0.0,0.0,0.0,1.0,1.0,0.0,0.0,0.0,0.0,0.0,0.0,0.0,0.0,0.0,0.0,0.0
Maule,07,Villa Alegre,07407,17512.0,0,0.0,0.0,0.0,0.0,0.0,0.0,0.0,0.0,0.0,0.0,0.0,0.0,0.0,0.0,0.0,3.0,0.0,1.0,2.0,4.0,3.0,0.0,0.0,0.0,1.0,0.0,0.0,3.0,0.0,0.0,0.0,0.0,0.0,0.0,1.0,0.0,3.0,1.0,0.0,0.0,0.0,0.0,1.0,1.0,1.0,2.0,9.0,4.0,4.0,2.0,3.0,3.0,3.0,2.0,3.0,5.0,5.0,5.0,14.0,4.0,4.0,9.0,6.0,6.0,1.0,13.0,28.0,23.0,16.0,15.0,18.0,13.0,5.0,4.0,2.0,3.0,2.0,2.0,0.0,0.0,0.0,0.0,0.0,0.0,0.0,0.0,0.0,0.0,2.0,0.0,0.0,1.0,0.0,0.0,0.0,0.0,0.0,0.0,0.0,0.0,0.0,0.0,0.0
Maule,07,Yerbas Buenas,07408,19200.0,0,0.0,0.0,0.0,0.0,0.0,0.0,0.0,0.0,0.0,0.0,0.0,0.0,0.0,0.0,0.0,0.0,0.0,2.0,1.0,0.0,0.0,0.0,0.0,0.0,0.0,0.0,4.0,0.0,0.0,0.0,1.0,1.0,2.0,2.0,0.0,0.0,1.0,0.0,0.0,0.0,0.0,0.0,0.0,0.0,2.0,1.0,1.0,0.0,3.0,1.0,5.0,4.0,1.0,6.0,2.0,5.0,4.0,7.0,0.0,5.0,1.0,1.0,2.0,3.0,10.0,1.0,4.0,2.0,1.0,1.0,1.0,1.0,4.0,1.0,1.0,0.0,1.0,1.0,1.0,0.0,0.0,0.0,0.0,1.0,0.0,0.0,0.0,0.0,0.0,0.0,0.0,0.0,0.0,0.0,0.0,0.0,0.0,0.0,0.0,0.0,0.0,0.0,0.0
Maule,07,Desconocido Maule,,,0,0.0,0.0,0.0,0.0,0.0,0.0,0.0,0.0,0.0,0.0,0.0,0.0,0.0,0.0,0.0,0.0,0.0,0.0,0.0,0.0,0.0,0.0,0.0,0.0,0.0,0.0,0.0,0.0,0.0,0.0,0.0,0.0,0.0,0.0,0.0,0.0,0.0,0.0,0.0,0.0,0.0,0.0,0.0,0.0,0.0,0.0,0.0,0.0,0.0,0.0,0.0,0.0,0.0,0.0,0.0,0.0,0.0,0.0,0.0,0.0,0.0,0.0,0.0,0.0,0.0,0.0,0.0,0.0,0.0,0.0,0.0,0.0,0.0,0.0,0.0,0.0,0.0,0.0,0.0,0.0,0.0,0.0,0.0,0.0,0.0,0.0,0.0,0.0,0.0,0.0,0.0,0.0,0.0,0.0,0.0,0.0,0.0,0.0,0.0,0.0,0.0,0.0,0.0
Maule,07,Total,,1131939.0,0.0,0.0,0.0,1.0,0.0,0.0,0.0,0.0,0.0,1.0,1.0,0.0,0.0,1.0,2.0,9.0,44.0,50.0,64.0,109.0,116.0,65.0,12.0,22.0,23.0,32.0,17.0,13.0,17.0,11.0,11.0,3.0,9.0,6.0,8.0,7.0,11.0,16.0,11.0,15.0,13.0,8.0,11.0,14.0,17.0,22.0,28.0,57.0,46.0,51.0,197.0,334.0,273.0,294.0,246.0,212.0,263.0,400.0,461.0,438.0,583.0,558.0,499.0,415.0,424.0,436.0,413.0,488.0,456.0,360.0,297.0,300.0,193.0,123.0,82.0,105.0,64.0,83.0,51.0,34.0,26.0,28.0,15.0,17.0,21.0,20.0,24.0,34.0,50.0,35.0,97.0,131.0,124.0,5.0,3.0,0.0,2.0,0.0,1.0,0.0,0.0,0.0,4.0,0.0
,,,,,,,,,,,,,,,,,,,,,,,,,,,,,,,,,,,,,,,,,,,,,,,,,,,,,,,,,,,,,,,,,,,,,,,,,,,,,,,,,,,,,,,,,,,,,,,,,,,,,,,,,,,,
Nuble,16,Bulnes,16102,22607.0,0,0.0,0.0,0.0,0.0,0.0,0.0,0.0,0.0,0.0,0.0,0.0,0.0,0.0,0.0,0.0,2.0,5.0,9.0,5.0,9.0,12.0,1.0,0.0,2.0,11.0,14.0,10.0,3.0,14.0,15.0,8.0,5.0,3.0,2.0,11.0,7.0,1.0,0.0,4.0,4.0,4.0,3.0,4.0,9.0,7.0,3.0,8.0,11.0,4.0,14.0,9.0,8.0,6.0,9.0,5.0,6.0,9.0,8.0,3.0,6.0,10.0,5.0,6.0,3.0,5.0,10.0,6.0,10.0,7.0,3.0,2.0,6.0,0.0,0.0,0.0,2.0,1.0,2.0,1.0,1.0,0.0,1.0,1.0,4.0,6.0,9.0,16.0,6.0,1.0,4.0,3.0,0.0,1.0,0.0,0.0,0.0,0.0,0.0,0.0,0.0,0.0,0.0,0.0
Nuble,16,Chillan,16101,198624.0,0,0.0,0.0,0.0,0.0,0.0,0.0,0.0,0.0,0.0,0.0,0.0,1.0,1.0,1.0,3.0,16.0,18.0,42.0,35.0,57.0,53.0,18.0,12.0,12.0,26.0,28.0,77.0,103.0,129.0,117.0,81.0,57.0,44.0,39.0,44.0,64.0,45.0,68.0,62.0,94.0,85.0,84.0,90.0,84.0,121.0,88.0,166.0,155.0,153.0,157.0,135.0,110.0,93.0,105.0,109.0,160.0,169.0,192.0,146.0,127.0,137.0,114.0,103.0,92.0,113.0,128.0,118.0,119.0,90.0,101.0,87.0,68.0,37.0,29.0,24.0,16.0,29.0,19.0,9.0,10.0,12.0,8.0,12.0,14.0,10.0,20.0,25.0,36.0,49.0,35.0,49.0,19.0,2.0,1.0,1.0,0.0,0.0,0.0,0.0,0.0,0.0,1.0,0.0
Nuble,16,Chillan Viejo,16103,33827.0,0,0.0,0.0,0.0,0.0,0.0,0.0,0.0,0.0,0.0,0.0,0.0,0.0,0.0,0.0,1.0,0.0,1.0,3.0,8.0,3.0,3.0,3.0,0.0,1.0,5.0,1.0,10.0,25.0,8.0,14.0,8.0,13.0,5.0,2.0,12.0,10.0,3.0,11.0,9.0,4.0,9.0,7.0,4.0,8.0,11.0,7.0,13.0,23.0,16.0,24.0,21.0,9.0,14.0,23.0,22.0,12.0,15.0,38.0,18.0,18.0,40.0,30.0,12.0,16.0,17.0,13.0,14.0,25.0,6.0,7.0,9.0,7.0,7.0,2.0,5.0,1.0,6.0,2.0,1.0,0.0,4.0,1.0,1.0,1.0,2.0,2.0,3.0,4.0,4.0,3.0,5.0,3.0,0.0,0.0,0.0,0.0,0.0,0.0,1.0,0.0,0.0,0.0,0.0
Nuble,16,Cobquecura,16202,5275.0,0,0.0,0.0,0.0,0.0,0.0,0.0,0.0,0.0,0.0,0.0,0.0,0.0,0.0,0.0,0.0,0.0,0.0,0.0,0.0,0.0,0.0,0.0,0.0,0.0,1.0,1.0,0.0,0.0,0.0,0.0,0.0,3.0,0.0,1.0,0.0,1.0,0.0,0.0,0.0,0.0,0.0,0.0,1.0,0.0,0.0,0.0,0.0,0.0,0.0,0.0,0.0,0.0,2.0,0.0,0.0,1.0,0.0,0.0,4.0,0.0,3.0,0.0,0.0,0.0,0.0,0.0,0.0,0.0,0.0,1.0,0.0,1.0,2.0,1.0,0.0,0.0,0.0,0.0,0.0,0.0,0.0,0.0,0.0,0.0,0.0,0.0,0.0,0.0,0.0,0.0,0.0,0.0,0.0,0.0,0.0,0.0,0.0,0.0,0.0,0.0,1.0,0.0,0.0
Nuble,16,Coelemu,16203,16845.0,0,0.0,0.0,0.0,0.0,0.0,0.0,0.0,0.0,0.0,0.0,0.0,0.0,0.0,0.0,0.0,2.0,0.0,7.0,4.0,0.0,4.0,0.0,0.0,0.0,1.0,0.0,0.0,1.0,3.0,3.0,2.0,1.0,6.0,2.0,5.0,0.0,3.0,0.0,5.0,0.0,1.0,0.0,0.0,2.0,4.0,1.0,6.0,7.0,7.0,8.0,1.0,4.0,6.0,11.0,23.0,5.0,8.0,6.0,9.0,4.0,10.0,8.0,2.0,11.0,7.0,12.0,6.0,6.0,4.0,6.0,3.0,5.0,8.0,0.0,2.0,0.0,0.0,0.0,0.0,0.0,0.0,0.0,0.0,0.0,0.0,0.0,1.0,4.0,2.0,1.0,1.0,1.0,0.0,0.0,0.0,0.0,0.0,0.0,1.0,0.0,0.0,0.0,0.0
Nuble,16,Coihueco,16302,28375.0,0,0.0,0.0,0.0,0.0,0.0,0.0,0.0,0.0,0.0,0.0,0.0,0.0,0.0,0.0,0.0,0.0,1.0,2.0,0.0,2.0,4.0,2.0,0.0,0.0,4.0,2.0,2.0,3.0,7.0,6.0,4.0,16.0,1.0,2.0,4.0,2.0,0.0,0.0,3.0,1.0,2.0,0.0,4.0,1.0,10.0,4.0,6.0,5.0,3.0,0.0,5.0,5.0,2.0,2.0,4.0,16.0,8.0,8.0,1.0,7.0,6.0,7.0,12.0,6.0,5.0,4.0,5.0,4.0,6.0,3.0,3.0,6.0,0.0,0.0,1.0,1.0,2.0,0.0,0.0,0.0,1.0,0.0,0.0,0.0,0.0,0.0,1.0,2.0,2.0,5.0,4.0,1.0,0.0,0.0,0.0,0.0,0.0,0.0,0.0,0.0,0.0,0.0,0.0
Nuble,16,El Carmen,16104,12334.0,0,0.0,0.0,0.0,0.0,0.0,0.0,0.0,0.0,0.0,0.0,0.0,0.0,0.0,0.0,1.0,0.0,10.0,4.0,0.0,0.0,0.0,0.0,0.0,0.0,0.0,0.0,0.0,0.0,1.0,3.0,2.0,1.0,0.0,0.0,0.0,3.0,1.0,0.0,0.0,0.0,0.0,4.0,0.0,1.0,0.0,1.0,4.0,1.0,9.0,5.0,2.0,0.0,4.0,6.0,0.0,2.0,9.0,4.0,3.0,2.0,4.0,2.0,2.0,2.0,5.0,3.0,1.0,0.0,2.0,6.0,2.0,2.0,1.0,0.0,1.0,0.0,0.0,1.0,0.0,0.0,0.0,1.0,1.0,1.0,0.0,1.0,3.0,1.0,1.0,0.0,2.0,0.0,0.0,0.0,0.0,0.0,0.0,0.0,0.0,0.0,0.0,0.0,0.0
Nuble,16,Ninhue,16204,5414.0,0,0.0,0.0,0.0,0.0,0.0,0.0,0.0,0.0,0.0,0.0,0.0,0.0,0.0,0.0,0.0,0.0,3.0,4.0,6.0,0.0,0.0,0.0,1.0,0.0,0.0,2.0,1.0,0.0,1.0,3.0,0.0,0.0,0.0,0.0,0.0,0.0,0.0,0.0,5.0,4.0,2.0,2.0,5.0,8.0,4.0,3.0,0.0,4.0,2.0,0.0,0.0,5.0,0.0,3.0,0.0,3.0,0.0,0.0,1.0,3.0,1.0,0.0,2.0,1.0,1.0,4.0,4.0,1.0,2.0,2.0,2.0,1.0,4.0,1.0,0.0,0.0,0.0,0.0,0.0,0.0,0.0,0.0,0.0,0.0,1.0,0.0,0.0,0.0,0.0,0.0,0.0,0.0,0.0,0.0,0.0,0.0,0.0,0.0,0.0,0.0,0.0,0.0,0.0
Nuble,16,Niquen,16303,11567.0,0,0.0,0.0,0.0,0.0,0.0,0.0,0.0,0.0,0.0,0.0,0.0,0.0,0.0,0.0,0.0,0.0,5.0,2.0,1.0,0.0,2.0,2.0,0.0,0.0,1.0,0.0,0.0,3.0,0.0,1.0,1.0,1.0,0.0,0.0,0.0,0.0,0.0,0.0,0.0,1.0,0.0,0.0,0.0,0.0,0.0,1.0,1.0,0.0,1.0,3.0,1.0,2.0,1.0,1.0,1.0,2.0,3.0,7.0,12.0,7.0,11.0,4.0,19.0,8.0,10.0,14.0,6.0,5.0,6.0,6.0,4.0,2.0,3.0,0.0,2.0,1.0,0.0,0.0,0.0,0.0,0.0,0.0,0.0,1.0,0.0,0.0,0.0,4.0,3.0,0.0,2.0,2.0,0.0,0.0,0.0,0.0,0.0,1.0,0.0,0.0,0.0,0.0,0.0
Nuble,16,Pemuco,16105,8639.0,0,0.0,0.0,0.0,0.0,0.0,0.0,0.0,0.0,0.0,0.0,0.0,0.0,0.0,0.0,0.0,0.0,0.0,18.0,2.0,2.0,4.0,0.0,0.0,0.0,0.0,0.0,0.0,0.0,0.0,1.0,0.0,1.0,0.0,0.0,0.0,0.0,0.0,1.0,0.0,0.0,0.0,0.0,0.0,0.0,0.0,0.0,1.0,0.0,0.0,0.0,0.0,0.0,3.0,0.0,3.0,1.0,1.0,1.0,7.0,2.0,4.0,6.0,5.0,2.0,3.0,0.0,3.0,3.0,1.0,1.0,6.0,4.0,2.0,0.0,0.0,0.0,2.0,1.0,0.0,0.0,1.0,3.0,0.0,1.0,1.0,2.0,0.0,0.0,0.0,0.0,0.0,0.0,0.0,0.0,0.0,0.0,0.0,0.0,0.0,0.0,0.0,0.0,0.0
Nuble,16,Pinto,16106,11880.0,0,0.0,0.0,0.0,0.0,0.0,0.0,0.0,0.0,0.0,0.0,0.0,0.0,0.0,0.0,0.0,1.0,1.0,1.0,2.0,1.0,5.0,1.0,0.0,0.0,0.0,0.0,3.0,1.0,1.0,9.0,4.0,3.0,4.0,2.0,1.0,1.0,0.0,0.0,4.0,0.0,1.0,0.0,1.0,0.0,3.0,0.0,1.0,10.0,6.0,8.0,4.0,3.0,5.0,6.0,5.0,1.0,6.0,7.0,6.0,8.0,3.0,1.0,4.0,4.0,4.0,5.0,4.0,2.0,4.0,5.0,5.0,1.0,0.0,1.0,0.0,0.0,0.0,0.0,0.0,0.0,1.0,0.0,0.0,1.0,0.0,0.0,0.0,1.0,0.0,2.0,0.0,1.0,1.0,0.0,0.0,0.0,0.0,0.0,0.0,0.0,0.0,0.0,0.0
Nuble,16,Portezuelo,16205,4940.0,0,0.0,0.0,0.0,0.0,0.0,0.0,0.0,0.0,0.0,0.0,0.0,0.0,0.0,0.0,0.0,0.0,0.0,3.0,0.0,0.0,0.0,0.0,0.0,0.0,1.0,0.0,0.0,0.0,1.0,0.0,0.0,2.0,1.0,1.0,2.0,1.0,0.0,0.0,0.0,0.0,0.0,0.0,0.0,0.0,0.0,0.0,0.0,0.0,0.0,3.0,7.0,1.0,1.0,3.0,2.0,1.0,4.0,4.0,1.0,0.0,4.0,1.0,2.0,0.0,0.0,0.0,2.0,0.0,1.0,3.0,1.0,2.0,0.0,1.0,4.0,0.0,0.0,0.0,0.0,0.0,1.0,0.0,0.0,1.0,0.0,0.0,0.0,0.0,1.0,0.0,2.0,1.0,0.0,0.0,0.0,0.0,0.0,0.0,0.0,0.0,0.0,0.0,0.0
Nuble,16,Quillon,16107,18777.0,0,0.0,0.0,0.0,0.0,0.0,0.0,0.0,0.0,0.0,0.0,0.0,0.0,0.0,0.0,0.0,0.0,0.0,0.0,1.0,1.0,4.0,0.0,2.0,0.0,0.0,1.0,4.0,8.0,16.0,12.0,11.0,0.0,0.0,0.0,0.0,0.0,1.0,2.0,1.0,15.0,1.0,2.0,2.0,0.0,4.0,7.0,1.0,2.0,3.0,3.0,3.0,2.0,2.0,2.0,7.0,2.0,3.0,5.0,6.0,1.0,2.0,4.0,2.0,3.0,1.0,5.0,2.0,5.0,3.0,6.0,3.0,4.0,2.0,0.0,1.0,0.0,0.0,6.0,1.0,0.0,0.0,1.0,0.0,0.0,7.0,4.0,4.0,6.0,1.0,1.0,1.0,1.0,0.0,0.0,0.0,0.0,0.0,0.0,0.0,0.0,0.0,1.0,0.0
Nuble,16,Quirihue,16201,12192.0,0,0.0,0.0,0.0,0.0,0.0,0.0,0.0,0.0,0.0,0.0,0.0,0.0,0.0,0.0,1.0,0.0,0.0,4.0,7.0,1.0,12.0,0.0,0.0,1.0,4.0,8.0,7.0,4.0,0.0,1.0,3.0,2.0,1.0,3.0,3.0,9.0,2.0,2.0,7.0,4.0,2.0,0.0,0.0,2.0,1.0,0.0,4.0,4.0,3.0,8.0,9.0,1.0,0.0,1.0,1.0,2.0,6.0,2.0,1.0,3.0,0.0,3.0,4.0,8.0,1.0,2.0,0.0,3.0,2.0,1.0,2.0,2.0,0.0,3.0,0.0,0.0,0.0,0.0,0.0,0.0,0.0,0.0,0.0,0.0,0.0,0.0,0.0,0.0,1.0,1.0,0.0,1.0,0.0,0.0,0.0,0.0,0.0,0.0,0.0,0.0,0.0,0.0,0.0
Nuble,16,Ranquil,16206,6261.0,0,0.0,0.0,0.0,0.0,0.0,0.0,0.0,0.0,0.0,0.0,0.0,0.0,0.0,0.0,0.0,0.0,2.0,4.0,0.0,0.0,1.0,0.0,0.0,0.0,1.0,1.0,0.0,0.0,0.0,1.0,1.0,0.0,0.0,0.0,2.0,0.0,0.0,0.0,1.0,1.0,1.0,2.0,0.0,0.0,0.0,2.0,1.0,1.0,0.0,0.0,3.0,4.0,0.0,2.0,3.0,1.0,7.0,2.0,2.0,1.0,5.0,1.0,2.0,0.0,0.0,0.0,4.0,0.0,7.0,1.0,0.0,0.0,0.0,0.0,3.0,0.0,0.0,0.0,0.0,0.0,1.0,0.0,0.0,0.0,0.0,0.0,0.0,0.0,1.0,0.0,2.0,0.0,0.0,0.0,0.0,0.0,0.0,0.0,0.0,0.0,0.0,0.0,0.0
Nuble,16,San Carlos,16301,56252.0,0,0.0,0.0,0.0,0.0,0.0,1.0,0.0,0.0,0.0,0.0,0.0,0.0,0.0,0.0,0.0,14.0,60.0,26.0,13.0,20.0,11.0,2.0,1.0,1.0,1.0,6.0,7.0,16.0,9.0,18.0,11.0,8.0,2.0,6.0,8.0,1.0,2.0,4.0,1.0,6.0,5.0,1.0,7.0,11.0,6.0,10.0,8.0,3.0,11.0,23.0,16.0,23.0,25.0,17.0,27.0,23.0,38.0,29.0,31.0,46.0,47.0,43.0,35.0,19.0,19.0,22.0,18.0,34.0,30.0,37.0,19.0,15.0,15.0,10.0,9.0,4.0,2.0,2.0,3.0,0.0,0.0,0.0,3.0,2.0,3.0,11.0,9.0,8.0,12.0,15.0,10.0,5.0,0.0,0.0,0.0,0.0,0.0,0.0,0.0,0.0,0.0,1.0,0.0
Nuble,16,San Fabian,16304,4654.0,0,0.0,0.0,0.0,0.0,0.0,0.0,0.0,0.0,0.0,0.0,0.0,0.0,0.0,0.0,0.0,0.0,0.0,0.0,0.0,0.0,1.0,0.0,0.0,0.0,0.0,0.0,0.0,0.0,0.0,1.0,3.0,0.0,0.0,0.0,0.0,0.0,0.0,0.0,0.0,0.0,0.0,1.0,2.0,2.0,0.0,1.0,0.0,0.0,1.0,0.0,0.0,1.0,1.0,0.0,0.0,1.0,1.0,5.0,3.0,5.0,5.0,5.0,2.0,1.0,1.0,0.0,1.0,0.0,2.0,1.0,1.0,2.0,5.0,1.0,2.0,0.0,0.0,2.0,0.0,0.0,0.0,0.0,0.0,0.0,1.0,0.0,0.0,0.0,0.0,0.0,0.0,0.0,0.0,0.0,0.0,0.0,0.0,0.0,0.0,0.0,0.0,0.0,0.0
Nuble,16,San Ignacio,16108,16624.0,0,0.0,0.0,0.0,0.0,0.0,0.0,0.0,0.0,0.0,0.0,0.0,0.0,0.0,0.0,0.0,1.0,11.0,10.0,2.0,4.0,7.0,0.0,0.0,0.0,0.0,0.0,0.0,1.0,0.0,2.0,0.0,0.0,1.0,2.0,0.0,1.0,0.0,1.0,0.0,3.0,3.0,3.0,0.0,2.0,1.0,5.0,1.0,2.0,2.0,7.0,12.0,3.0,5.0,2.0,6.0,6.0,5.0,10.0,5.0,2.0,3.0,2.0,8.0,3.0,11.0,8.0,15.0,11.0,9.0,2.0,4.0,1.0,3.0,1.0,3.0,2.0,0.0,0.0,1.0,0.0,1.0,0.0,0.0,1.0,2.0,2.0,0.0,1.0,0.0,0.0,1.0,1.0,0.0,0.0,0.0,0.0,0.0,0.0,0.0,0.0,0.0,0.0,0.0
Nuble,16,San Nicolas,16305,12172.0,0,0.0,0.0,0.0,0.0,0.0,0.0,0.0,0.0,0.0,0.0,0.0,0.0,0.0,0.0,0.0,0.0,0.0,0.0,2.0,2.0,3.0,0.0,0.0,0.0,0.0,0.0,1.0,0.0,0.0,0.0,2.0,0.0,0.0,0.0,0.0,0.0,0.0,0.0,0.0,0.0,1.0,0.0,0.0,3.0,9.0,1.0,1.0,0.0,3.0,4.0,2.0,1.0,2.0,4.0,0.0,1.0,0.0,1.0,1.0,2.0,5.0,1.0,2.0,2.0,5.0,1.0,2.0,3.0,0.0,3.0,0.0,0.0,2.0,1.0,0.0,0.0,0.0,0.0,1.0,2.0,1.0,0.0,0.0,1.0,0.0,1.0,2.0,1.0,1.0,0.0,0.0,0.0,0.0,0.0,0.0,0.0,0.0,0.0,0.0,0.0,0.0,0.0,0.0
Nuble,16,Treguaco,16207,5696.0,0,0.0,0.0,0.0,0.0,0.0,0.0,0.0,0.0,0.0,0.0,0.0,0.0,0.0,0.0,0.0,0.0,0.0,0.0,0.0,0.0,1.0,0.0,0.0,0.0,2.0,1.0,1.0,4.0,2.0,1.0,0.0,0.0,0.0,2.0,1.0,0.0,0.0,0.0,1.0,0.0,0.0,0.0,0.0,1.0,0.0,1.0,1.0,2.0,0.0,14.0,3.0,1.0,2.0,2.0,7.0,3.0,0.0,1.0,5.0,2.0,1.0,0.0,3.0,2.0,0.0,2.0,3.0,2.0,3.0,4.0,0.0,2.0,0.0,0.0,0.0,1.0,0.0,0.0,0.0,0.0,1.0,0.0,0.0,1.0,2.0,0.0,0.0,1.0,2.0,1.0,0.0,1.0,0.0,0.0,0.0,0.0,0.0,0.0,0.0,0.0,0.0,0.0,0.0
Nuble,16,Yungay,16109,18596.0,0,0.0,0.0,0.0,0.0,0.0,0.0,0.0,0.0,0.0,0.0,0.0,0.0,0.0,0.0,0.0,0.0,0.0,6.0,6.0,0.0,7.0,2.0,0.0,0.0,0.0,0.0,1.0,1.0,0.0,1.0,2.0,1.0,0.0,0.0,1.0,0.0,0.0,1.0,0.0,2.0,1.0,5.0,2.0,3.0,0.0,4.0,1.0,8.0,4.0,6.0,4.0,1.0,3.0,2.0,4.0,0.0,10.0,5.0,6.0,4.0,2.0,9.0,5.0,4.0,3.0,8.0,1.0,4.0,10.0,5.0,4.0,1.0,1.0,2.0,1.0,0.0,0.0,0.0,1.0,1.0,1.0,0.0,1.0,1.0,2.0,3.0,2.0,0.0,0.0,2.0,0.0,0.0,0.0,0.0,0.0,0.0,0.0,0.0,0.0,0.0,0.0,0.0,0.0
Nuble,16,Desconocido Nuble,,,0,0.0,0.0,0.0,0.0,0.0,0.0,0.0,0.0,0.0,0.0,0.0,0.0,0.0,0.0,0.0,0.0,0.0,0.0,0.0,0.0,0.0,0.0,0.0,0.0,0.0,0.0,0.0,0.0,0.0,0.0,0.0,0.0,0.0,0.0,0.0,0.0,0.0,0.0,0.0,0.0,0.0,0.0,0.0,0.0,0.0,0.0,0.0,0.0,0.0,0.0,0.0,0.0,0.0,0.0,0.0,0.0,0.0,0.0,0.0,0.0,0.0,0.0,0.0,0.0,0.0,0.0,0.0,0.0,0.0,0.0,1.0,0.0,0.0,0.0,0.0,0.0,0.0,0.0,0.0,0.0,0.0,0.0,0.0,0.0,0.0,0.0,0.0,0.0,0.0,0.0,0.0,0.0,0.0,0.0,0.0,0.0,0.0,0.0,0.0,0.0,0.0,0.0,0.0
Nuble,16,Total,,511551.0,0.0,0.0,0.0,0.0,0.0,0.0,1.0,0.0,0.0,0.0,0.0,0.0,1.0,1.0,1.0,6.0,36.0,117.0,145.0,94.0,102.0,134.0,31.0,16.0,17.0,58.0,65.0,124.0,173.0,192.0,209.0,143.0,114.0,68.0,64.0,94.0,100.0,58.0,90.0,103.0,139.0,118.0,114.0,122.0,137.0,181.0,139.0,224.0,238.0,228.0,287.0,237.0,184.0,177.0,201.0,229.0,249.0,302.0,335.0,271.0,250.0,303.0,246.0,232.0,187.0,211.0,241.0,215.0,237.0,195.0,204.0,158.0,132.0,92.0,53.0,58.0,28.0,42.0,35.0,18.0,14.0,25.0,15.0,19.0,30.0,37.0,55.0,66.0,75.0,81.0,70.0,82.0,37.0,4.0,1.0,1.0,0.0,0.0,1.0,2.0,0.0,1.0,3.0,0.0
,,,,,,,,,,,,,,,,,,,,,,,,,,,,,,,,,,,,,,,,,,,,,,,,,,,,,,,,,,,,,,,,,,,,,,,,,,,,,,,,,,,,,,,,,,,,,,,,,,,,,,,,,,,,
Biobio,08,Alto Biobio,08314,6775.0,0,0.0,0.0,0.0,0.0,0.0,0.0,0.0,0.0,0.0,0.0,0.0,0.0,0.0,0.0,2.0,0.0,0.0,0.0,0.0,0.0,0.0,0.0,0.0,0.0,0.0,0.0,0.0,0.0,0.0,0.0,0.0,0.0,0.0,0.0,0.0,0.0,0.0,0.0,0.0,0.0,0.0,0.0,0.0,0.0,0.0,0.0,0.0,0.0,0.0,2.0,1.0,1.0,1.0,0.0,1.0,1.0,0.0,1.0,3.0,4.0,8.0,3.0,3.0,6.0,1.0,0.0,1.0,2.0,1.0,0.0,3.0,1.0,1.0,1.0,0.0,0.0,0.0,0.0,0.0,0.0,0.0,0.0,1.0,1.0,0.0,1.0,2.0,0.0,0.0,1.0,0.0,0.0,0.0,0.0,0.0,0.0,0.0,0.0,0.0,0.0,0.0,0.0,0.0
Biobio,08,Antuco,08302,4306.0,0,0.0,0.0,0.0,0.0,0.0,0.0,0.0,0.0,0.0,0.0,0.0,0.0,0.0,0.0,0.0,0.0,0.0,2.0,0.0,0.0,0.0,0.0,0.0,0.0,0.0,0.0,0.0,0.0,0.0,0.0,0.0,0.0,0.0,0.0,0.0,0.0,0.0,0.0,0.0,0.0,0.0,0.0,0.0,0.0,0.0,0.0,0.0,0.0,0.0,1.0,7.0,4.0,1.0,1.0,0.0,0.0,2.0,0.0,1.0,2.0,11.0,4.0,0.0,1.0,0.0,3.0,2.0,0.0,1.0,0.0,0.0,1.0,1.0,0.0,0.0,0.0,0.0,1.0,0.0,1.0,1.0,0.0,0.0,0.0,0.0,0.0,0.0,1.0,0.0,0.0,0.0,0.0,0.0,0.0,0.0,0.0,0.0,0.0,0.0,0.0,0.0,0.0,0.0
Biobio,08,Arauco,08202,38679.0,0,0.0,0.0,0.0,0.0,0.0,0.0,0.0,0.0,0.0,0.0,0.0,0.0,0.0,0.0,1.0,4.0,7.0,15.0,14.0,9.0,0.0,1.0,0.0,0.0,1.0,3.0,5.0,3.0,1.0,5.0,1.0,7.0,13.0,7.0,15.0,9.0,7.0,10.0,6.0,3.0,15.0,18.0,21.0,20.0,19.0,15.0,18.0,16.0,11.0,16.0,19.0,10.0,14.0,13.0,13.0,19.0,21.0,19.0,24.0,15.0,38.0,27.0,7.0,5.0,4.0,8.0,12.0,18.0,18.0,17.0,12.0,11.0,9.0,4.0,12.0,9.0,4.0,1.0,1.0,5.0,0.0,0.0,2.0,3.0,0.0,0.0,1.0,1.0,0.0,0.0,8.0,5.0,2.0,0.0,0.0,0.0,0.0,0.0,0.0,0.0,0.0,0.0,0.0
Biobio,08,Cabrero,08303,30725.0,0,0.0,0.0,0.0,0.0,0.0,0.0,0.0,0.0,0.0,0.0,0.0,0.0,0.0,0.0,0.0,0.0,0.0,0.0,0.0,0.0,2.0,0.0,0.0,0.0,1.0,0.0,0.0,1.0,0.0,0.0,0.0,0.0,0.0,1.0,0.0,1.0,0.0,0.0,0.0,0.0,0.0,0.0,0.0,0.0,0.0,0.0,0.0,0.0,0.0,6.0,16.0,14.0,15.0,9.0,16.0,12.0,30.0,41.0,43.0,38.0,24.0,29.0,22.0,13.0,22.0,19.0,12.0,21.0,23.0,30.0,10.0,12.0,20.0,6.0,14.0,0.0,0.0,2.0,5.0,2.0,1.0,3.0,5.0,5.0,2.0,2.0,0.0,2.0,1.0,5.0,7.0,6.0,0.0,0.0,0.0,0.0,0.0,0.0,0.0,0.0,0.0,0.0,0.0
Biobio,08,Canete,08203,37003.0,0,0.0,0.0,0.0,0.0,0.0,0.0,0.0,0.0,0.0,0.0,0.0,0.0,0.0,0.0,0.0,0.0,0.0,1.0,0.0,1.0,0.0,0.0,0.0,1.0,1.0,1.0,4.0,1.0,0.0,4.0,7.0,8.0,7.0,18.0,26.0,4.0,1.0,0.0,0.0,1.0,5.0,2.0,5.0,13.0,15.0,6.0,14.0,14.0,6.0,16.0,14.0,12.0,34.0,26.0,29.0,33.0,35.0,14.0,10.0,15.0,14.0,19.0,10.0,19.0,29.0,25.0,22.0,26.0,14.0,17.0,26.0,5.0,12.0,6.0,9.0,5.0,14.0,9.0,10.0,8.0,8.0,4.0,1.0,8.0,3.0,2.0,13.0,7.0,11.0,3.0,5.0,12.0,3.0,0.0,0.0,0.0,0.0,0.0,0.0,0.0,0.0,0.0,0.0
Biobio,08,Chiguayante,08103,91180.0,0,0.0,0.0,0.0,0.0,0.0,0.0,0.0,0.0,0.0,1.0,0.0,1.0,0.0,0.0,0.0,7.0,4.0,12.0,13.0,13.0,9.0,1.0,0.0,3.0,7.0,25.0,25.0,17.0,19.0,26.0,23.0,22.0,15.0,18.0,20.0,19.0,19.0,10.0,19.0,18.0,29.0,19.0,20.0,20.0,16.0,12.0,24.0,17.0,34.0,36.0,51.0,46.0,44.0,57.0,64.0,56.0,70.0,86.0,60.0,52.0,61.0,44.0,26.0,35.0,49.0,51.0,54.0,71.0,64.0,44.0,38.0,34.0,16.0,21.0,11.0,9.0,6.0,11.0,2.0,6.0,4.0,9.0,3.0,2.0,2.0,4.0,6.0,13.0,8.0,17.0,31.0,21.0,1.0,0.0,0.0,1.0,0.0,1.0,0.0,0.0,0.0,0.0,0.0
Biobio,08,Concepcion,08101,238092.0,0,0.0,0.0,0.0,0.0,0.0,2.0,0.0,0.0,0.0,0.0,0.0,0.0,0.0,3.0,8.0,19.0,17.0,10.0,16.0,7.0,5.0,5.0,0.0,3.0,18.0,24.0,29.0,63.0,74.0,67.0,52.0,55.0,37.0,36.0,33.0,41.0,39.0,59.0,47.0,62.0,60.0,60.0,67.0,50.0,59.0,72.0,96.0,96.0,77.0,81.0,118.0,99.0,122.0,113.0,182.0,254.0,231.0,232.0,178.0,194.0,164.0,103.0,128.0,84.0,126.0,119.0,135.0,166.0,109.0,117.0,76.0,91.0,63.0,62.0,31.0,39.0,29.0,31.0,20.0,18.0,15.0,13.0,14.0,9.0,6.0,7.0,24.0,42.0,47.0,58.0,92.0,47.0,3.0,1.0,0.0,1.0,0.0,0.0,0.0,0.0,1.0,0.0,0.0
Biobio,08,Contulmo,08204,6330.0,0,0.0,0.0,0.0,0.0,0.0,0.0,0.0,0.0,0.0,0.0,0.0,0.0,0.0,0.0,0.0,0.0,0.0,6.0,16.0,2.0,0.0,0.0,0.0,0.0,0.0,2.0,0.0,1.0,0.0,0.0,0.0,0.0,0.0,0.0,1.0,4.0,0.0,0.0,0.0,0.0,0.0,0.0,0.0,1.0,1.0,1.0,2.0,1.0,0.0,3.0,7.0,1.0,4.0,3.0,1.0,2.0,0.0,1.0,1.0,0.0,1.0,2.0,1.0,3.0,2.0,0.0,0.0,0.0,1.0,0.0,1.0,2.0,1.0,1.0,1.0,1.0,1.0,0.0,1.0,0.0,1.0,2.0,0.0,3.0,1.0,0.0,0.0,0.0,0.0,0.0,0.0,0.0,0.0,0.0,0.0,0.0,0.0,0.0,0.0,0.0,1.0,0.0,0.0
Biobio,08,Coronel,08102,125829.0,0,0.0,0.0,0.0,0.0,0.0,1.0,0.0,0.0,0.0,0.0,0.0,0.0,1.0,0.0,17.0,30.0,29.0,54.0,44.0,35.0,14.0,3.0,2.0,14.0,41.0,29.0,23.0,43.0,35.0,44.0,56.0,71.0,51.0,13.0,21.0,37.0,36.0,51.0,55.0,38.0,42.0,43.0,69.0,59.0,49.0,76.0,104.0,99.0,81.0,74.0,73.0,58.0,82.0,45.0,60.0,109.0,68.0,66.0,71.0,81.0,83.0,67.0,64.0,58.0,69.0,39.0,57.0,64.0,62.0,39.0,70.0,57.0,29.0,21.0,26.0,27.0,15.0,10.0,6.0,4.0,1.0,3.0,5.0,7.0,8.0,5.0,3.0,10.0,5.0,17.0,21.0,12.0,1.0,1.0,1.0,0.0,0.0,1.0,2.0,2.0,0.0,0.0,0.0
Biobio,08,Curanilahue,08205,33892.0,0,0.0,0.0,0.0,0.0,0.0,0.0,0.0,0.0,0.0,0.0,0.0,0.0,0.0,0.0,0.0,1.0,1.0,1.0,3.0,0.0,5.0,0.0,1.0,2.0,0.0,3.0,3.0,13.0,3.0,17.0,11.0,9.0,13.0,4.0,3.0,9.0,5.0,4.0,4.0,5.0,8.0,11.0,5.0,5.0,3.0,15.0,9.0,10.0,11.0,16.0,10.0,5.0,5.0,9.0,7.0,10.0,5.0,9.0,8.0,9.0,4.0,5.0,6.0,12.0,10.0,5.0,6.0,6.0,9.0,13.0,7.0,2.0,0.0,2.0,0.0,3.0,0.0,0.0,0.0,1.0,1.0,1.0,1.0,2.0,0.0,0.0,1.0,3.0,5.0,3.0,3.0,4.0,0.0,0.0,0.0,0.0,0.0,0.0,0.0,0.0,0.0,0.0,0.0
Biobio,08,Florida,08104,11841.0,0,0.0,0.0,0.0,0.0,0.0,0.0,0.0,0.0,0.0,0.0,0.0,0.0,0.0,0.0,0.0,0.0,1.0,2.0,2.0,0.0,0.0,0.0,0.0,1.0,0.0,0.0,0.0,0.0,3.0,2.0,2.0,4.0,1.0,0.0,0.0,0.0,0.0,2.0,4.0,3.0,6.0,2.0,3.0,2.0,1.0,4.0,1.0,1.0,3.0,9.0,5.0,7.0,4.0,2.0,2.0,5.0,2.0,8.0,11.0,8.0,7.0,3.0,3.0,2.0,1.0,2.0,2.0,6.0,3.0,8.0,9.0,1.0,3.0,0.0,0.0,0.0,3.0,1.0,2.0,2.0,4.0,1.0,0.0,0.0,1.0,1.0,0.0,0.0,0.0,2.0,7.0,0.0,1.0,0.0,0.0,0.0,0.0,0.0,0.0,0.0,0.0,0.0,0.0
Biobio,08,Hualpen,08112,97273.0,0,0.0,0.0,0.0,0.0,0.0,0.0,1.0,0.0,0.0,0.0,0.0,0.0,0.0,0.0,0.0,2.0,11.0,11.0,21.0,18.0,16.0,1.0,2.0,9.0,21.0,14.0,20.0,26.0,32.0,28.0,19.0,28.0,9.0,5.0,19.0,5.0,2.0,8.0,7.0,12.0,11.0,16.0,5.0,11.0,8.0,16.0,14.0,16.0,14.0,53.0,49.0,34.0,35.0,56.0,66.0,68.0,84.0,88.0,75.0,83.0,45.0,53.0,50.0,38.0,36.0,35.0,46.0,52.0,55.0,62.0,31.0,22.0,30.0,19.0,12.0,13.0,13.0,8.0,4.0,6.0,7.0,6.0,4.0,8.0,1.0,2.0,9.0,13.0,13.0,19.0,34.0,31.0,1.0,1.0,1.0,0.0,1.0,2.0,0.0,0.0,0.0,0.0,0.0
Biobio,08,Hualqui,08105,26201.0,0,0.0,0.0,0.0,0.0,0.0,0.0,0.0,0.0,0.0,0.0,0.0,0.0,0.0,0.0,0.0,5.0,6.0,8.0,5.0,4.0,0.0,1.0,0.0,0.0,8.0,2.0,2.0,1.0,0.0,4.0,0.0,1.0,2.0,0.0,3.0,0.0,2.0,0.0,2.0,0.0,0.0,2.0,5.0,1.0,1.0,1.0,1.0,3.0,1.0,13.0,12.0,2.0,11.0,25.0,24.0,21.0,20.0,36.0,21.0,22.0,28.0,17.0,12.0,13.0,12.0,21.0,21.0,29.0,14.0,21.0,11.0,6.0,3.0,7.0,2.0,1.0,1.0,1.0,4.0,0.0,0.0,0.0,1.0,3.0,1.0,1.0,6.0,13.0,13.0,11.0,11.0,4.0,2.0,0.0,0.0,0.0,0.0,0.0,0.0,0.0,0.0,0.0,0.0
Biobio,08,Laja,08304,23873.0,0,0.0,0.0,0.0,0.0,0.0,0.0,0.0,0.0,0.0,0.0,0.0,0.0,0.0,0.0,0.0,0.0,0.0,0.0,0.0,0.0,0.0,0.0,0.0,0.0,0.0,0.0,0.0,0.0,0.0,0.0,0.0,0.0,0.0,0.0,0.0,0.0,0.0,0.0,0.0,0.0,0.0,0.0,0.0,0.0,0.0,0.0,1.0,5.0,5.0,19.0,17.0,13.0,13.0,7.0,15.0,17.0,18.0,31.0,31.0,25.0,28.0,22.0,21.0,18.0,13.0,8.0,13.0,27.0,22.0,16.0,13.0,14.0,6.0,1.0,3.0,6.0,5.0,1.0,1.0,0.0,2.0,2.0,3.0,9.0,6.0,2.0,3.0,4.0,2.0,2.0,1.0,3.0,0.0,0.0,0.0,0.0,0.0,0.0,0.0,0.0,0.0,0.0,0.0
Biobio,08,Lebu,08201,27100.0,0,0.0,0.0,0.0,0.0,0.0,0.0,0.0,0.0,0.0,0.0,0.0,0.0,0.0,0.0,0.0,3.0,0.0,2.0,0.0,0.0,1.0,0.0,0.0,0.0,0.0,0.0,1.0,0.0,2.0,1.0,0.0,0.0,2.0,2.0,7.0,2.0,6.0,1.0,0.0,2.0,6.0,3.0,8.0,0.0,3.0,6.0,4.0,9.0,17.0,5.0,12.0,2.0,7.0,3.0,5.0,8.0,7.0,13.0,6.0,5.0,4.0,8.0,3.0,3.0,6.0,9.0,10.0,16.0,23.0,14.0,12.0,3.0,9.0,5.0,3.0,5.0,3.0,2.0,2.0,0.0,0.0,0.0,0.0,1.0,0.0,0.0,3.0,2.0,2.0,7.0,5.0,2.0,0.0,0.0,0.0,0.0,0.0,0.0,0.0,0.0,0.0,0.0,0.0
Biobio,08,Los Alamos,08206,22524.0,0,0.0,0.0,0.0,0.0,0.0,0.0,0.0,0.0,0.0,0.0,0.0,0.0,0.0,0.0,2.0,1.0,1.0,10.0,7.0,1.0,2.0,0.0,0.0,0.0,4.0,2.0,0.0,4.0,8.0,4.0,4.0,10.0,9.0,1.0,10.0,9.0,2.0,7.0,7.0,5.0,0.0,0.0,1.0,4.0,7.0,14.0,10.0,16.0,15.0,8.0,13.0,6.0,7.0,9.0,10.0,10.0,7.0,2.0,12.0,2.0,8.0,6.0,4.0,4.0,11.0,12.0,8.0,4.0,10.0,11.0,14.0,10.0,6.0,6.0,9.0,0.0,1.0,0.0,2.0,0.0,0.0,0.0,2.0,0.0,3.0,0.0,0.0,0.0,1.0,6.0,2.0,5.0,0.0,0.0,0.0,0.0,0.0,0.0,0.0,0.0,0.0,0.0,0.0
Biobio,08,Los Angeles,08301,218515.0,0,0.0,0.0,0.0,0.0,0.0,0.0,0.0,0.0,0.0,0.0,0.0,0.0,0.0,0.0,0.0,0.0,0.0,0.0,5.0,0.0,1.0,2.0,0.0,0.0,1.0,2.0,2.0,5.0,5.0,2.0,0.0,1.0,0.0,0.0,1.0,3.0,1.0,5.0,1.0,3.0,2.0,0.0,5.0,3.0,0.0,3.0,3.0,4.0,11.0,58.0,104.0,136.0,212.0,149.0,168.0,208.0,229.0,268.0,202.0,248.0,287.0,296.0,225.0,169.0,196.0,186.0,238.0,232.0,197.0,145.0,80.0,31.0,17.0,22.0,13.0,6.0,7.0,15.0,10.0,2.0,14.0,11.0,15.0,17.0,13.0,6.0,53.0,40.0,50.0,38.0,65.0,62.0,5.0,0.0,0.0,0.0,0.0,0.0,0.0,1.0,0.0,0.0,0.0
Biobio,08,Lota,08106,45750.0,0,0.0,0.0,0.0,0.0,0.0,0.0,0.0,0.0,0.0,0.0,0.0,0.0,0.0,0.0,0.0,1.0,0.0,3.0,9.0,18.0,10.0,1.0,0.0,1.0,11.0,10.0,8.0,5.0,18.0,12.0,35.0,25.0,3.0,10.0,22.0,13.0,16.0,16.0,10.0,3.0,21.0,11.0,20.0,14.0,18.0,30.0,23.0,19.0,22.0,13.0,11.0,11.0,26.0,14.0,23.0,30.0,32.0,36.0,32.0,37.0,25.0,9.0,21.0,14.0,9.0,11.0,22.0,23.0,32.0,13.0,20.0,8.0,6.0,4.0,6.0,4.0,3.0,4.0,0.0,1.0,1.0,0.0,1.0,0.0,0.0,3.0,7.0,2.0,1.0,3.0,4.0,2.0,1.0,0.0,0.0,0.0,0.0,0.0,0.0,0.0,0.0,0.0,0.0
Biobio,08,Mulchen,08305,31041.0,0,0.0,0.0,0.0,0.0,0.0,0.0,0.0,0.0,0.0,0.0,0.0,0.0,0.0,0.0,0.0,0.0,0.0,0.0,1.0,0.0,0.0,0.0,0.0,0.0,0.0,0.0,0.0,0.0,0.0,0.0,0.0,0.0,1.0,0.0,0.0,0.0,0.0,0.0,1.0,0.0,0.0,1.0,0.0,0.0,1.0,0.0,2.0,0.0,4.0,7.0,10.0,18.0,13.0,23.0,24.0,14.0,33.0,39.0,14.0,36.0,32.0,31.0,36.0,34.0,39.0,42.0,37.0,17.0,17.0,17.0,8.0,20.0,7.0,0.0,4.0,1.0,1.0,5.0,0.0,1.0,1.0,0.0,1.0,3.0,0.0,0.0,2.0,4.0,4.0,7.0,5.0,8.0,1.0,0.0,0.0,0.0,0.0,0.0,0.0,0.0,0.0,0.0,0.0
Biobio,08,Nacimiento,08306,27944.0,0,0.0,0.0,0.0,0.0,0.0,0.0,0.0,0.0,0.0,0.0,0.0,0.0,0.0,0.0,0.0,0.0,0.0,1.0,0.0,0.0,0.0,0.0,0.0,0.0,0.0,0.0,0.0,0.0,0.0,0.0,0.0,0.0,0.0,0.0,0.0,0.0,0.0,0.0,0.0,1.0,0.0,1.0,0.0,1.0,0.0,1.0,2.0,3.0,1.0,3.0,14.0,1.0,7.0,5.0,24.0,13.0,15.0,32.0,32.0,25.0,36.0,22.0,18.0,25.0,12.0,10.0,16.0,19.0,26.0,13.0,21.0,10.0,6.0,6.0,2.0,6.0,6.0,4.0,2.0,1.0,1.0,2.0,1.0,4.0,1.0,2.0,1.0,0.0,1.0,3.0,9.0,1.0,0.0,0.0,0.0,0.0,0.0,0.0,0.0,0.0,0.0,0.0,0.0
Biobio,08,Negrete,08307,10429.0,0,0.0,0.0,0.0,0.0,0.0,0.0,0.0,0.0,0.0,0.0,0.0,0.0,0.0,0.0,0.0,0.0,0.0,0.0,0.0,0.0,1.0,1.0,0.0,0.0,0.0,0.0,0.0,0.0,0.0,0.0,0.0,0.0,0.0,0.0,0.0,0.0,0.0,0.0,0.0,0.0,0.0,0.0,0.0,0.0,0.0,1.0,0.0,7.0,11.0,2.0,9.0,9.0,2.0,5.0,15.0,5.0,10.0,14.0,8.0,5.0,6.0,3.0,11.0,9.0,2.0,7.0,0.0,10.0,2.0,2.0,0.0,2.0,1.0,2.0,0.0,4.0,1.0,0.0,0.0,0.0,0.0,0.0,0.0,0.0,1.0,0.0,0.0,0.0,1.0,1.0,2.0,0.0,0.0,0.0,0.0,0.0,0.0,0.0,0.0,0.0,0.0,0.0,0.0
Biobio,08,Penco,08107,49865.0,0,0.0,0.0,0.0,0.0,0.0,0.0,0.0,0.0,0.0,0.0,0.0,0.0,0.0,0.0,1.0,0.0,7.0,6.0,10.0,8.0,6.0,0.0,1.0,4.0,41.0,55.0,64.0,38.0,60.0,27.0,36.0,31.0,20.0,14.0,6.0,3.0,3.0,3.0,11.0,8.0,18.0,14.0,23.0,25.0,23.0,10.0,19.0,18.0,14.0,26.0,31.0,11.0,24.0,20.0,33.0,82.0,64.0,59.0,43.0,47.0,38.0,16.0,27.0,38.0,42.0,40.0,46.0,41.0,30.0,19.0,12.0,14.0,15.0,13.0,12.0,8.0,2.0,15.0,20.0,5.0,5.0,4.0,2.0,3.0,4.0,1.0,0.0,5.0,3.0,9.0,7.0,7.0,1.0,0.0,0.0,0.0,0.0,1.0,0.0,2.0,0.0,0.0,0.0
Biobio,08,Quilaco,08308,4179.0,0,0.0,0.0,0.0,0.0,0.0,0.0,0.0,0.0,0.0,0.0,0.0,0.0,0.0,0.0,0.0,0.0,0.0,0.0,0.0,0.0,0.0,0.0,0.0,0.0,0.0,0.0,0.0,0.0,1.0,0.0,0.0,1.0,0.0,0.0,0.0,0.0,0.0,0.0,0.0,0.0,0.0,0.0,0.0,0.0,0.0,0.0,0.0,0.0,0.0,1.0,4.0,2.0,7.0,1.0,0.0,2.0,4.0,3.0,4.0,5.0,5.0,9.0,4.0,6.0,5.0,9.0,4.0,9.0,3.0,1.0,1.0,2.0,3.0,1.0,0.0,0.0,0.0,0.0,0.0,0.0,0.0,0.0,0.0,0.0,0.0,0.0,0.0,0.0,0.0,2.0,1.0,0.0,0.0,0.0,0.0,0.0,0.0,0.0,0.0,0.0,0.0,0.0,0.0
Biobio,08,Quilleco,08309,10032.0,0,0.0,0.0,0.0,0.0,0.0,0.0,0.0,0.0,0.0,0.0,0.0,0.0,0.0,0.0,0.0,0.0,0.0,0.0,0.0,0.0,0.0,0.0,0.0,0.0,0.0,0.0,0.0,0.0,0.0,0.0,1.0,0.0,0.0,0.0,0.0,0.0,0.0,0.0,0.0,0.0,0.0,0.0,0.0,0.0,0.0,0.0,0.0,0.0,0.0,0.0,0.0,5.0,7.0,7.0,5.0,7.0,5.0,15.0,11.0,14.0,15.0,2.0,17.0,6.0,19.0,5.0,1.0,4.0,7.0,4.0,2.0,6.0,3.0,1.0,1.0,2.0,1.0,2.0,0.0,0.0,1.0,0.0,0.0,1.0,1.0,0.0,4.0,4.0,0.0,3.0,1.0,0.0,0.0,0.0,0.0,0.0,0.0,0.0,0.0,0.0,0.0,0.0,0.0
Biobio,08,San Pedro de la Paz,08108,145906.0,0,0.0,0.0,0.0,0.0,0.0,0.0,0.0,0.0,0.0,0.0,0.0,0.0,0.0,0.0,1.0,2.0,5.0,6.0,6.0,3.0,4.0,0.0,0.0,0.0,4.0,5.0,22.0,44.0,46.0,34.0,22.0,22.0,23.0,35.0,23.0,18.0,23.0,46.0,59.0,46.0,57.0,34.0,51.0,51.0,41.0,52.0,60.0,77.0,42.0,61.0,90.0,92.0,74.0,64.0,93.0,101.0,114.0,114.0,99.0,108.0,100.0,83.0,70.0,60.0,65.0,95.0,86.0,82.0,106.0,78.0,83.0,50.0,39.0,36.0,23.0,15.0,12.0,1.0,7.0,18.0,7.0,3.0,1.0,11.0,16.0,20.0,15.0,19.0,17.0,30.0,35.0,24.0,1.0,1.0,1.0,1.0,0.0,0.0,1.0,0.0,0.0,0.0,0.0
Biobio,08,San Rosendo,08310,3611.0,0,0.0,0.0,0.0,0.0,0.0,0.0,0.0,0.0,0.0,0.0,0.0,0.0,0.0,0.0,0.0,0.0,0.0,0.0,0.0,0.0,0.0,0.0,0.0,0.0,0.0,0.0,0.0,0.0,0.0,0.0,0.0,0.0,0.0,0.0,0.0,0.0,0.0,0.0,0.0,0.0,0.0,0.0,1.0,0.0,0.0,0.0,0.0,0.0,1.0,0.0,0.0,0.0,0.0,0.0,2.0,0.0,1.0,1.0,1.0,1.0,1.0,1.0,1.0,0.0,0.0,1.0,0.0,1.0,1.0,0.0,1.0,0.0,0.0,0.0,0.0,0.0,0.0,0.0,0.0,1.0,0.0,0.0,0.0,0.0,1.0,0.0,0.0,0.0,0.0,0.0,0.0,0.0,0.0,0.0,0.0,0.0,0.0,0.0,0.0,0.0,0.0,0.0,0.0
Biobio,08,Santa Barbara,08311,14592.0,0,0.0,0.0,0.0,0.0,0.0,0.0,0.0,0.0,0.0,0.0,0.0,0.0,0.0,0.0,0.0,0.0,0.0,0.0,0.0,0.0,0.0,0.0,0.0,0.0,0.0,0.0,0.0,0.0,0.0,0.0,0.0,0.0,0.0,0.0,0.0,0.0,0.0,0.0,0.0,0.0,0.0,0.0,0.0,0.0,0.0,3.0,1.0,2.0,1.0,11.0,6.0,4.0,1.0,2.0,14.0,8.0,7.0,16.0,9.0,4.0,20.0,22.0,13.0,20.0,26.0,10.0,12.0,22.0,14.0,8.0,1.0,1.0,3.0,1.0,4.0,1.0,2.0,1.0,1.0,0.0,0.0,0.0,0.0,2.0,3.0,3.0,2.0,7.0,2.0,5.0,2.0,8.0,0.0,0.0,0.0,0.0,0.0,0.0,0.0,0.0,0.0,0.0,0.0
Biobio,08,Santa Juana,08109,14779.0,0,0.0,0.0,0.0,0.0,0.0,0.0,0.0,0.0,1.0,0.0,0.0,0.0,0.0,0.0,0.0,5.0,6.0,1.0,0.0,0.0,0.0,0.0,0.0,0.0,2.0,0.0,2.0,2.0,5.0,3.0,1.0,4.0,1.0,1.0,1.0,1.0,2.0,3.0,5.0,4.0,4.0,2.0,2.0,1.0,0.0,2.0,1.0,2.0,3.0,6.0,0.0,0.0,2.0,3.0,2.0,3.0,20.0,10.0,4.0,6.0,5.0,4.0,3.0,6.0,10.0,6.0,12.0,4.0,3.0,4.0,7.0,13.0,4.0,0.0,1.0,0.0,0.0,0.0,0.0,1.0,0.0,1.0,0.0,0.0,0.0,0.0,0.0,1.0,0.0,3.0,0.0,0.0,0.0,0.0,1.0,1.0,0.0,0.0,0.0,0.0,0.0,0.0,0.0
Biobio,08,Talcahuano,08110,158345.0,0,0.0,0.0,0.0,0.0,0.0,0.0,0.0,0.0,0.0,0.0,0.0,0.0,0.0,0.0,2.0,7.0,10.0,21.0,18.0,15.0,16.0,3.0,1.0,19.0,38.0,44.0,82.0,77.0,80.0,65.0,52.0,60.0,42.0,20.0,29.0,31.0,35.0,51.0,53.0,53.0,51.0,46.0,58.0,55.0,37.0,64.0,111.0,85.0,87.0,97.0,97.0,117.0,131.0,126.0,137.0,201.0,199.0,177.0,163.0,165.0,154.0,123.0,90.0,53.0,79.0,83.0,102.0,88.0,97.0,94.0,61.0,83.0,58.0,39.0,24.0,17.0,24.0,15.0,7.0,13.0,9.0,7.0,9.0,5.0,5.0,17.0,9.0,18.0,22.0,47.0,84.0,35.0,2.0,0.0,1.0,0.0,2.0,3.0,1.0,2.0,0.0,2.0,0.0
Biobio,08,Tirua,08207,11019.0,0,0.0,0.0,0.0,0.0,0.0,0.0,0.0,0.0,0.0,0.0,0.0,0.0,0.0,0.0,0.0,1.0,4.0,2.0,0.0,0.0,0.0,0.0,0.0,0.0,2.0,1.0,0.0,0.0,1.0,2.0,0.0,0.0,0.0,0.0,0.0,0.0,0.0,0.0,0.0,0.0,0.0,3.0,20.0,26.0,9.0,6.0,4.0,9.0,8.0,1.0,4.0,6.0,0.0,11.0,6.0,4.0,2.0,2.0,1.0,2.0,4.0,7.0,0.0,1.0,4.0,0.0,1.0,1.0,8.0,7.0,5.0,1.0,2.0,4.0,8.0,1.0,1.0,3.0,3.0,0.0,1.0,0.0,0.0,0.0,0.0,0.0,0.0,1.0,0.0,0.0,0.0,1.0,0.0,0.0,0.0,0.0,0.0,0.0,0.0,0.0,0.0,0.0,0.0
Biobio,08,Tome,08111,58729.0,0,0.0,0.0,0.0,0.0,0.0,0.0,0.0,0.0,0.0,0.0,0.0,0.0,0.0,0.0,0.0,3.0,2.0,2.0,1.0,3.0,3.0,0.0,1.0,6.0,11.0,16.0,19.0,10.0,9.0,5.0,10.0,23.0,12.0,25.0,16.0,6.0,5.0,0.0,2.0,2.0,2.0,2.0,2.0,5.0,5.0,3.0,5.0,3.0,1.0,16.0,16.0,15.0,15.0,18.0,17.0,28.0,32.0,22.0,11.0,21.0,23.0,24.0,12.0,24.0,23.0,17.0,12.0,19.0,13.0,9.0,13.0,12.0,8.0,8.0,0.0,2.0,5.0,3.0,1.0,3.0,4.0,2.0,1.0,1.0,5.0,0.0,3.0,5.0,1.0,7.0,4.0,3.0,0.0,0.0,0.0,0.0,0.0,0.0,0.0,0.0,0.0,0.0,0.0
Biobio,08,Tucapel,08312,15205.0,0,0.0,0.0,0.0,0.0,0.0,0.0,0.0,0.0,0.0,0.0,0.0,0.0,0.0,0.0,0.0,0.0,0.0,0.0,4.0,1.0,0.0,0.0,0.0,0.0,0.0,0.0,1.0,0.0,0.0,0.0,0.0,0.0,1.0,0.0,0.0,0.0,0.0,0.0,0.0,0.0,0.0,1.0,0.0,0.0,0.0,0.0,0.0,0.0,0.0,4.0,10.0,14.0,8.0,10.0,13.0,16.0,11.0,8.0,13.0,17.0,7.0,5.0,4.0,13.0,6.0,1.0,7.0,7.0,2.0,8.0,2.0,3.0,3.0,3.0,13.0,6.0,8.0,0.0,0.0,0.0,0.0,0.0,1.0,0.0,0.0,1.0,0.0,0.0,3.0,4.0,4.0,1.0,0.0,0.0,0.0,0.0,0.0,0.0,0.0,0.0,0.0,0.0,0.0
Biobio,08,Yumbel,08313,22132.0,0,0.0,0.0,0.0,0.0,0.0,0.0,0.0,0.0,0.0,0.0,0.0,0.0,0.0,0.0,0.0,0.0,0.0,0.0,0.0,0.0,0.0,0.0,0.0,0.0,0.0,0.0,2.0,0.0,0.0,0.0,0.0,0.0,0.0,0.0,1.0,0.0,0.0,0.0,0.0,0.0,0.0,0.0,0.0,1.0,0.0,0.0,0.0,1.0,0.0,2.0,2.0,4.0,11.0,16.0,11.0,12.0,11.0,16.0,24.0,8.0,20.0,7.0,3.0,8.0,16.0,32.0,25.0,18.0,22.0,23.0,16.0,16.0,3.0,5.0,4.0,2.0,1.0,3.0,1.0,2.0,0.0,1.0,1.0,0.0,2.0,0.0,1.0,0.0,2.0,3.0,0.0,4.0,0.0,0.0,0.0,0.0,0.0,0.0,0.0,0.0,0.0,0.0,0.0
Biobio,08,Desconocido Biobio,,,0,0.0,0.0,0.0,0.0,0.0,0.0,0.0,0.0,0.0,0.0,0.0,0.0,0.0,0.0,0.0,0.0,0.0,0.0,0.0,0.0,0.0,0.0,0.0,0.0,0.0,0.0,0.0,0.0,0.0,0.0,0.0,0.0,0.0,0.0,0.0,0.0,0.0,0.0,0.0,0.0,0.0,0.0,0.0,0.0,0.0,0.0,0.0,0.0,0.0,0.0,0.0,0.0,0.0,0.0,0.0,0.0,0.0,0.0,0.0,0.0,0.0,0.0,0.0,0.0,0.0,0.0,0.0,0.0,0.0,0.0,0.0,0.0,0.0,0.0,0.0,0.0,0.0,0.0,0.0,0.0,0.0,0.0,0.0,0.0,0.0,0.0,0.0,0.0,0.0,0.0,0.0,0.0,0.0,0.0,0.0,0.0,0.0,0.0,0.0,0.0,0.0,0.0,0.0
Biobio,08,Total,,1663696.0,0.0,0.0,0.0,0.0,0.0,0.0,3.0,1.0,0.0,1.0,1.0,0.0,1.0,1.0,3.0,34.0,91.0,111.0,176.0,195.0,138.0,95.0,19.0,8.0,63.0,212.0,238.0,314.0,354.0,402.0,352.0,332.0,382.0,262.0,210.0,257.0,215.0,204.0,276.0,293.0,269.0,337.0,291.0,391.0,368.0,316.0,413.0,529.0,533.0,481.0,666.0,832.0,759.0,939.0,852.0,1082.0,1359.0,1389.0,1479.0,1226.0,1304.0,1306.0,1076.0,915.0,800.0,944.0,911.0,1022.0,1105.0,1009.0,854.0,666.0,544.0,387.0,307.0,248.0,193.0,169.0,149.0,112.0,101.0,89.0,75.0,75.0,108.0,86.0,80.0,168.0,217.0,215.0,316.0,450.0,308.0,25.0,4.0,5.0,4.0,3.0,8.0,4.0,7.0,2.0,2.0,0.0
,,,,,,,,,,,,,,,,,,,,,,,,,,,,,,,,,,,,,,,,,,,,,,,,,,,,,,,,,,,,,,,,,,,,,,,,,,,,,,,,,,,,,,,,,,,,,,,,,,,,,,,,,,,,
La Araucania,09,Angol,09201,56058.0,0,0.0,0.0,0.0,0.0,0.0,0.0,0.0,0.0,0.0,0.0,0.0,0.0,0.0,0.0,0.0,0.0,0.0,0.0,0.0,3.0,3.0,0.0,1.0,0.0,0.0,0.0,0.0,2.0,0.0,0.0,2.0,3.0,1.0,0.0,1.0,0.0,0.0,0.0,1.0,0.0,0.0,0.0,1.0,3.0,1.0,6.0,0.0,0.0,1.0,20.0,32.0,28.0,34.0,28.0,21.0,29.0,22.0,51.0,23.0,34.0,42.0,31.0,30.0,28.0,21.0,23.0,16.0,15.0,12.0,3.0,5.0,7.0,4.0,1.0,2.0,10.0,2.0,1.0,1.0,1.0,3.0,0.0,0.0,2.0,2.0,1.0,1.0,0.0,3.0,0.0,0.0,3.0,0.0,0.0,0.0,0.0,0.0,0.0,0.0,0.0,0.0,1.0,0.0
La Araucania,09,Carahue,09102,25486.0,0,0.0,0.0,0.0,0.0,0.0,0.0,0.0,0.0,0.0,0.0,0.0,0.0,0.0,0.0,0.0,0.0,0.0,0.0,0.0,0.0,0.0,0.0,0.0,0.0,0.0,0.0,0.0,0.0,1.0,1.0,1.0,9.0,8.0,4.0,2.0,1.0,3.0,2.0,1.0,1.0,6.0,2.0,2.0,1.0,0.0,1.0,3.0,2.0,2.0,2.0,9.0,3.0,4.0,5.0,10.0,8.0,4.0,13.0,7.0,6.0,9.0,20.0,10.0,21.0,17.0,8.0,4.0,3.0,7.0,9.0,7.0,7.0,2.0,0.0,1.0,3.0,0.0,0.0,1.0,2.0,0.0,0.0,0.0,0.0,0.0,0.0,0.0,0.0,0.0,1.0,6.0,2.0,0.0,0.0,0.0,0.0,0.0,0.0,0.0,0.0,0.0,0.0,0.0
La Araucania,09,Cholchol,09121,12341.0,0,0.0,0.0,0.0,0.0,0.0,0.0,0.0,0.0,0.0,0.0,0.0,0.0,0.0,0.0,0.0,0.0,0.0,0.0,0.0,0.0,0.0,0.0,0.0,0.0,0.0,0.0,0.0,0.0,0.0,0.0,0.0,0.0,0.0,0.0,0.0,0.0,1.0,0.0,1.0,0.0,0.0,0.0,0.0,0.0,0.0,0.0,0.0,0.0,0.0,0.0,2.0,3.0,1.0,0.0,0.0,0.0,1.0,0.0,0.0,0.0,1.0,0.0,1.0,1.0,2.0,1.0,1.0,5.0,2.0,1.0,0.0,1.0,3.0,0.0,1.0,1.0,0.0,0.0,1.0,1.0,0.0,0.0,0.0,0.0,0.0,0.0,0.0,0.0,0.0,0.0,2.0,1.0,0.0,0.0,0.0,0.0,0.0,0.0,0.0,0.0,0.0,0.0,0.0
La Araucania,09,Collipulli,09202,26148.0,0,0.0,0.0,0.0,0.0,0.0,0.0,0.0,0.0,0.0,0.0,0.0,0.0,0.0,0.0,0.0,0.0,0.0,0.0,0.0,0.0,0.0,0.0,0.0,0.0,0.0,0.0,0.0,0.0,0.0,0.0,0.0,0.0,0.0,0.0,0.0,0.0,0.0,0.0,0.0,0.0,0.0,0.0,0.0,0.0,0.0,0.0,0.0,0.0,0.0,3.0,8.0,6.0,9.0,4.0,4.0,6.0,19.0,18.0,11.0,7.0,18.0,5.0,14.0,9.0,18.0,21.0,9.0,8.0,12.0,5.0,1.0,4.0,1.0,0.0,0.0,0.0,0.0,4.0,0.0,0.0,0.0,0.0,0.0,0.0,1.0,0.0,0.0,1.0,1.0,0.0,0.0,1.0,0.0,0.0,0.0,0.0,0.0,0.0,0.0,0.0,0.0,1.0,0.0
La Araucania,09,Cunco,09103,18055.0,0,0.0,0.0,0.0,0.0,0.0,0.0,0.0,0.0,0.0,0.0,0.0,0.0,0.0,0.0,0.0,0.0,0.0,0.0,0.0,0.0,0.0,0.0,0.0,0.0,0.0,0.0,0.0,0.0,0.0,0.0,0.0,0.0,0.0,0.0,0.0,1.0,1.0,0.0,0.0,1.0,0.0,1.0,1.0,0.0,0.0,0.0,0.0,0.0,0.0,3.0,4.0,6.0,12.0,9.0,1.0,7.0,18.0,0.0,3.0,9.0,6.0,4.0,2.0,2.0,0.0,1.0,2.0,2.0,3.0,4.0,4.0,0.0,0.0,0.0,0.0,4.0,3.0,1.0,2.0,0.0,0.0,0.0,0.0,0.0,0.0,0.0,0.0,0.0,0.0,0.0,0.0,4.0,0.0,0.0,0.0,0.0,0.0,0.0,0.0,0.0,0.0,0.0,0.0
La Araucania,09,Curacautin,09203,18178.0,0,0.0,0.0,0.0,0.0,0.0,0.0,0.0,0.0,0.0,0.0,0.0,0.0,0.0,0.0,0.0,0.0,0.0,0.0,0.0,0.0,0.0,0.0,0.0,0.0,0.0,0.0,0.0,0.0,0.0,0.0,0.0,0.0,0.0,0.0,0.0,0.0,0.0,0.0,2.0,0.0,0.0,0.0,0.0,0.0,2.0,4.0,7.0,4.0,1.0,1.0,2.0,2.0,1.0,1.0,3.0,5.0,5.0,8.0,2.0,7.0,15.0,8.0,7.0,4.0,4.0,8.0,1.0,6.0,14.0,10.0,8.0,6.0,3.0,0.0,0.0,2.0,1.0,4.0,7.0,3.0,2.0,0.0,2.0,1.0,1.0,3.0,0.0,1.0,2.0,0.0,1.0,1.0,0.0,0.0,0.0,0.0,0.0,0.0,0.0,0.0,0.0,1.0,0.0
La Araucania,09,Curarrehue,09104,7802.0,0,0.0,0.0,0.0,0.0,0.0,0.0,0.0,0.0,0.0,0.0,0.0,0.0,0.0,0.0,0.0,0.0,0.0,0.0,0.0,0.0,0.0,0.0,0.0,0.0,0.0,0.0,0.0,0.0,0.0,0.0,0.0,0.0,0.0,0.0,0.0,0.0,0.0,0.0,0.0,1.0,0.0,1.0,1.0,0.0,0.0,0.0,0.0,0.0,0.0,0.0,2.0,2.0,0.0,2.0,1.0,2.0,15.0,5.0,13.0,16.0,11.0,5.0,14.0,5.0,21.0,3.0,11.0,3.0,0.0,0.0,0.0,0.0,0.0,1.0,0.0,0.0,0.0,0.0,0.0,0.0,0.0,0.0,0.0,0.0,0.0,0.0,0.0,0.0,0.0,0.0,0.0,0.0,0.0,0.0,0.0,0.0,0.0,0.0,0.0,0.0,0.0,0.0,0.0
La Araucania,09,Ercilla,09204,8458.0,0,0.0,0.0,0.0,0.0,0.0,0.0,0.0,0.0,0.0,0.0,0.0,0.0,0.0,0.0,0.0,0.0,0.0,0.0,0.0,0.0,0.0,0.0,0.0,0.0,0.0,0.0,0.0,0.0,0.0,0.0,0.0,0.0,4.0,0.0,0.0,0.0,0.0,0.0,0.0,0.0,0.0,0.0,0.0,0.0,1.0,0.0,1.0,0.0,0.0,0.0,3.0,8.0,4.0,8.0,0.0,5.0,6.0,11.0,7.0,12.0,6.0,4.0,6.0,5.0,2.0,7.0,3.0,3.0,1.0,6.0,7.0,1.0,0.0,0.0,1.0,0.0,0.0,1.0,0.0,0.0,0.0,0.0,0.0,0.0,0.0,0.0,1.0,1.0,0.0,0.0,0.0,1.0,0.0,0.0,0.0,0.0,0.0,0.0,0.0,0.0,0.0,0.0,0.0
La Araucania,09,Freire,09105,25446.0,0,0.0,0.0,0.0,0.0,0.0,0.0,0.0,0.0,0.0,0.0,0.0,0.0,0.0,0.0,1.0,0.0,0.0,0.0,0.0,0.0,0.0,0.0,0.0,0.0,0.0,0.0,0.0,0.0,0.0,0.0,0.0,1.0,0.0,0.0,0.0,0.0,0.0,0.0,0.0,1.0,0.0,0.0,0.0,1.0,1.0,1.0,0.0,1.0,1.0,1.0,1.0,4.0,3.0,6.0,1.0,5.0,12.0,2.0,10.0,1.0,4.0,3.0,2.0,7.0,4.0,5.0,4.0,8.0,5.0,10.0,6.0,1.0,0.0,3.0,1.0,0.0,2.0,0.0,0.0,0.0,0.0,0.0,1.0,0.0,0.0,0.0,1.0,2.0,1.0,0.0,1.0,6.0,0.0,0.0,0.0,0.0,0.0,0.0,0.0,0.0,0.0,0.0,0.0
La Araucania,09,Galvarino,09106,12633.0,0,0.0,0.0,0.0,0.0,0.0,0.0,0.0,0.0,0.0,0.0,0.0,0.0,0.0,0.0,0.0,0.0,0.0,0.0,0.0,0.0,0.0,0.0,0.0,0.0,0.0,0.0,0.0,0.0,0.0,0.0,0.0,0.0,1.0,1.0,0.0,1.0,1.0,0.0,0.0,0.0,0.0,0.0,1.0,0.0,2.0,3.0,2.0,1.0,3.0,2.0,0.0,2.0,5.0,1.0,1.0,2.0,7.0,5.0,4.0,3.0,12.0,5.0,7.0,5.0,14.0,6.0,12.0,14.0,8.0,3.0,2.0,4.0,1.0,0.0,2.0,1.0,0.0,0.0,1.0,0.0,0.0,1.0,1.0,0.0,1.0,0.0,0.0,0.0,0.0,0.0,0.0,0.0,0.0,0.0,0.0,0.0,0.0,0.0,0.0,0.0,0.0,0.0,0.0
La Araucania,09,Gorbea,09107,15148.0,0,0.0,0.0,0.0,0.0,0.0,0.0,0.0,0.0,0.0,0.0,0.0,0.0,0.0,0.0,0.0,0.0,0.0,0.0,0.0,0.0,0.0,0.0,0.0,0.0,0.0,0.0,0.0,0.0,0.0,0.0,0.0,0.0,0.0,0.0,0.0,0.0,2.0,1.0,0.0,0.0,0.0,0.0,0.0,0.0,0.0,1.0,2.0,0.0,1.0,3.0,8.0,7.0,6.0,2.0,0.0,0.0,5.0,4.0,5.0,6.0,10.0,5.0,10.0,9.0,4.0,3.0,4.0,4.0,7.0,8.0,4.0,1.0,10.0,2.0,0.0,0.0,0.0,5.0,0.0,0.0,0.0,0.0,2.0,1.0,0.0,0.0,0.0,0.0,5.0,1.0,2.0,1.0,0.0,0.0,0.0,0.0,0.0,0.0,0.0,0.0,0.0,0.0,0.0
La Araucania,09,Lautaro,09108,40746.0,0,0.0,0.0,0.0,0.0,0.0,0.0,0.0,0.0,0.0,0.0,1.0,0.0,0.0,0.0,1.0,0.0,0.0,0.0,0.0,0.0,0.0,0.0,0.0,0.0,0.0,0.0,0.0,0.0,0.0,1.0,2.0,7.0,3.0,2.0,3.0,0.0,2.0,2.0,2.0,5.0,1.0,4.0,0.0,0.0,2.0,2.0,2.0,9.0,2.0,5.0,9.0,6.0,4.0,1.0,5.0,5.0,4.0,9.0,4.0,17.0,18.0,20.0,9.0,8.0,4.0,4.0,1.0,0.0,3.0,1.0,2.0,2.0,2.0,1.0,2.0,2.0,0.0,1.0,1.0,0.0,0.0,0.0,0.0,0.0,0.0,0.0,0.0,0.0,1.0,2.0,1.0,1.0,0.0,0.0,0.0,1.0,0.0,0.0,0.0,0.0,0.0,0.0,0.0
La Araucania,09,Loncoche,09109,24739.0,0,0.0,0.0,0.0,0.0,0.0,0.0,0.0,0.0,0.0,0.0,0.0,0.0,0.0,0.0,1.0,0.0,0.0,0.0,0.0,0.0,0.0,0.0,0.0,0.0,0.0,0.0,0.0,0.0,0.0,3.0,0.0,2.0,0.0,1.0,0.0,1.0,1.0,1.0,0.0,1.0,0.0,0.0,2.0,1.0,0.0,0.0,4.0,2.0,1.0,9.0,9.0,2.0,12.0,4.0,2.0,10.0,13.0,5.0,9.0,9.0,6.0,8.0,4.0,5.0,6.0,8.0,9.0,8.0,4.0,8.0,12.0,9.0,6.0,2.0,3.0,5.0,1.0,0.0,1.0,0.0,2.0,1.0,2.0,0.0,0.0,0.0,5.0,1.0,0.0,3.0,4.0,10.0,0.0,0.0,0.0,0.0,0.0,0.0,0.0,0.0,0.0,0.0,0.0
La Araucania,09,Lonquimay,09205,11049.0,0,0.0,0.0,0.0,0.0,0.0,0.0,0.0,0.0,0.0,0.0,0.0,0.0,1.0,0.0,1.0,0.0,0.0,0.0,0.0,0.0,0.0,0.0,0.0,0.0,0.0,0.0,0.0,0.0,0.0,0.0,2.0,0.0,0.0,0.0,0.0,0.0,0.0,0.0,0.0,0.0,0.0,0.0,0.0,0.0,0.0,0.0,0.0,0.0,0.0,0.0,2.0,0.0,0.0,7.0,2.0,5.0,5.0,3.0,4.0,2.0,1.0,0.0,6.0,2.0,3.0,3.0,2.0,1.0,2.0,0.0,0.0,0.0,0.0,3.0,3.0,1.0,0.0,2.0,1.0,2.0,3.0,2.0,1.0,0.0,0.0,2.0,0.0,3.0,1.0,0.0,0.0,0.0,0.0,0.0,0.0,0.0,0.0,0.0,0.0,0.0,0.0,0.0,0.0
La Araucania,09,Los Sauces,09206,7517.0,0,0.0,0.0,0.0,0.0,0.0,0.0,0.0,0.0,0.0,0.0,0.0,0.0,0.0,0.0,0.0,0.0,0.0,0.0,0.0,0.0,0.0,0.0,0.0,0.0,0.0,0.0,0.0,0.0,0.0,0.0,0.0,0.0,0.0,0.0,0.0,0.0,0.0,0.0,0.0,0.0,0.0,0.0,0.0,0.0,0.0,0.0,0.0,0.0,0.0,0.0,0.0,4.0,0.0,0.0,0.0,2.0,0.0,1.0,1.0,1.0,1.0,1.0,0.0,0.0,3.0,2.0,0.0,0.0,0.0,0.0,1.0,1.0,1.0,0.0,0.0,0.0,0.0,0.0,0.0,0.0,0.0,0.0,0.0,0.0,0.0,0.0,0.0,0.0,0.0,1.0,0.0,0.0,0.0,0.0,0.0,0.0,0.0,0.0,0.0,0.0,0.0,0.0,0.0
La Araucania,09,Lumaco,09207,10050.0,0,0.0,0.0,0.0,0.0,0.0,0.0,0.0,0.0,0.0,0.0,0.0,0.0,0.0,0.0,0.0,0.0,0.0,0.0,0.0,0.0,0.0,0.0,0.0,0.0,0.0,0.0,0.0,0.0,0.0,0.0,0.0,0.0,1.0,0.0,0.0,0.0,0.0,0.0,0.0,2.0,1.0,0.0,1.0,2.0,0.0,1.0,2.0,1.0,0.0,3.0,3.0,1.0,0.0,2.0,1.0,5.0,9.0,14.0,4.0,4.0,2.0,1.0,1.0,2.0,1.0,3.0,2.0,1.0,4.0,0.0,1.0,1.0,0.0,1.0,1.0,3.0,0.0,0.0,1.0,1.0,1.0,0.0,0.0,1.0,0.0,0.0,0.0,3.0,0.0,0.0,0.0,1.0,0.0,0.0,1.0,0.0,0.0,0.0,0.0,0.0,0.0,0.0,0.0
La Araucania,09,Melipeuco,09110,6265.0,0,0.0,0.0,0.0,0.0,0.0,0.0,0.0,0.0,0.0,0.0,0.0,0.0,0.0,0.0,0.0,0.0,0.0,0.0,0.0,0.0,0.0,0.0,0.0,0.0,0.0,0.0,0.0,0.0,0.0,0.0,0.0,0.0,0.0,0.0,1.0,0.0,0.0,0.0,0.0,0.0,0.0,0.0,0.0,0.0,0.0,0.0,0.0,0.0,0.0,1.0,0.0,1.0,0.0,1.0,0.0,1.0,3.0,3.0,3.0,0.0,4.0,3.0,1.0,1.0,1.0,1.0,1.0,0.0,1.0,2.0,0.0,1.0,1.0,1.0,0.0,0.0,0.0,0.0,0.0,0.0,0.0,0.0,0.0,0.0,0.0,0.0,0.0,1.0,0.0,0.0,0.0,0.0,0.0,0.0,0.0,0.0,0.0,0.0,0.0,0.0,0.0,0.0,0.0
La Araucania,09,Nueva Imperial,09111,33777.0,0,0.0,0.0,0.0,0.0,0.0,0.0,0.0,0.0,0.0,0.0,0.0,0.0,0.0,0.0,0.0,0.0,0.0,0.0,0.0,0.0,0.0,1.0,0.0,2.0,0.0,0.0,0.0,0.0,0.0,0.0,1.0,0.0,1.0,1.0,0.0,0.0,0.0,1.0,1.0,4.0,3.0,1.0,1.0,0.0,1.0,0.0,5.0,1.0,8.0,15.0,6.0,17.0,13.0,14.0,10.0,13.0,10.0,10.0,6.0,15.0,11.0,13.0,11.0,21.0,12.0,23.0,7.0,18.0,2.0,10.0,9.0,10.0,13.0,4.0,2.0,1.0,3.0,2.0,0.0,1.0,5.0,0.0,3.0,0.0,0.0,2.0,0.0,0.0,2.0,2.0,1.0,3.0,0.0,0.0,0.0,0.0,1.0,0.0,0.0,0.0,0.0,0.0,0.0
La Araucania,09,Padre Las Casas,09112,82110.0,0,0.0,0.0,0.0,0.0,0.0,0.0,0.0,0.0,2.0,0.0,0.0,0.0,0.0,0.0,0.0,0.0,0.0,0.0,0.0,0.0,0.0,0.0,0.0,0.0,0.0,0.0,0.0,0.0,0.0,0.0,1.0,4.0,5.0,21.0,21.0,26.0,31.0,34.0,34.0,41.0,45.0,35.0,19.0,27.0,21.0,30.0,38.0,44.0,34.0,48.0,40.0,44.0,65.0,58.0,56.0,77.0,104.0,68.0,45.0,53.0,49.0,42.0,51.0,62.0,70.0,44.0,34.0,25.0,41.0,48.0,18.0,25.0,16.0,20.0,15.0,17.0,5.0,3.0,2.0,2.0,1.0,1.0,0.0,3.0,3.0,1.0,1.0,2.0,4.0,9.0,4.0,2.0,0.0,0.0,0.0,0.0,0.0,0.0,0.0,0.0,0.0,0.0,0.0
La Araucania,09,Perquenco,09113,7223.0,0,0.0,0.0,0.0,0.0,0.0,0.0,0.0,0.0,0.0,0.0,0.0,0.0,0.0,0.0,0.0,0.0,0.0,0.0,0.0,0.0,0.0,0.0,0.0,0.0,0.0,0.0,0.0,0.0,0.0,0.0,0.0,0.0,0.0,2.0,0.0,0.0,0.0,1.0,0.0,0.0,0.0,0.0,0.0,0.0,0.0,0.0,0.0,0.0,1.0,1.0,1.0,3.0,0.0,3.0,1.0,1.0,1.0,3.0,0.0,2.0,6.0,3.0,2.0,3.0,0.0,2.0,1.0,3.0,0.0,1.0,0.0,0.0,0.0,0.0,0.0,0.0,0.0,1.0,0.0,0.0,0.0,0.0,0.0,0.0,0.0,0.0,0.0,0.0,0.0,0.0,1.0,0.0,0.0,0.0,0.0,0.0,0.0,0.0,0.0,0.0,0.0,0.0,0.0
La Araucania,09,Pitrufquen,09114,26096.0,0,0.0,0.0,0.0,0.0,0.0,0.0,0.0,0.0,0.0,0.0,3.0,0.0,0.0,0.0,0.0,0.0,0.0,0.0,0.0,0.0,0.0,0.0,0.0,0.0,0.0,0.0,0.0,0.0,0.0,1.0,1.0,0.0,1.0,0.0,2.0,5.0,2.0,0.0,1.0,0.0,1.0,4.0,4.0,1.0,3.0,2.0,4.0,2.0,7.0,10.0,2.0,14.0,17.0,15.0,16.0,21.0,16.0,8.0,20.0,18.0,13.0,3.0,6.0,3.0,3.0,14.0,13.0,3.0,13.0,6.0,6.0,5.0,2.0,2.0,1.0,1.0,0.0,1.0,2.0,0.0,0.0,0.0,0.0,0.0,0.0,0.0,3.0,3.0,2.0,2.0,2.0,5.0,0.0,0.0,0.0,0.0,0.0,0.0,0.0,0.0,0.0,0.0,0.0
La Araucania,09,Pucon,09115,29782.0,0,0.0,0.0,0.0,0.0,0.0,0.0,0.0,0.0,0.0,0.0,0.0,0.0,0.0,0.0,0.0,0.0,0.0,0.0,0.0,0.0,0.0,0.0,0.0,0.0,0.0,0.0,0.0,0.0,0.0,0.0,0.0,0.0,0.0,2.0,3.0,0.0,4.0,0.0,0.0,0.0,0.0,3.0,2.0,2.0,1.0,1.0,5.0,4.0,6.0,13.0,5.0,4.0,0.0,4.0,1.0,12.0,14.0,7.0,20.0,7.0,12.0,10.0,3.0,3.0,15.0,9.0,11.0,9.0,11.0,6.0,4.0,5.0,2.0,3.0,0.0,1.0,1.0,1.0,0.0,1.0,1.0,1.0,0.0,0.0,0.0,0.0,1.0,2.0,3.0,1.0,0.0,0.0,0.0,0.0,0.0,0.0,0.0,0.0,0.0,0.0,0.0,0.0,0.0
La Araucania,09,Puren,09208,12188.0,0,0.0,0.0,0.0,0.0,0.0,0.0,0.0,0.0,0.0,0.0,0.0,0.0,0.0,0.0,0.0,0.0,0.0,0.0,0.0,0.0,0.0,0.0,0.0,0.0,0.0,0.0,0.0,0.0,0.0,0.0,0.0,0.0,0.0,0.0,0.0,0.0,0.0,1.0,1.0,1.0,1.0,0.0,2.0,2.0,0.0,2.0,0.0,1.0,12.0,6.0,7.0,5.0,12.0,3.0,4.0,0.0,1.0,6.0,1.0,0.0,5.0,4.0,3.0,4.0,8.0,2.0,1.0,0.0,2.0,1.0,0.0,1.0,3.0,4.0,3.0,0.0,0.0,0.0,1.0,3.0,0.0,0.0,1.0,0.0,0.0,1.0,0.0,0.0,1.0,2.0,1.0,1.0,0.0,0.0,0.0,0.0,0.0,0.0,0.0,0.0,0.0,0.0,0.0
La Araucania,09,Renaico,09209,10833.0,0,0.0,0.0,0.0,0.0,0.0,0.0,0.0,0.0,0.0,0.0,0.0,0.0,0.0,0.0,0.0,0.0,0.0,0.0,0.0,0.0,0.0,0.0,0.0,0.0,0.0,0.0,0.0,0.0,0.0,0.0,0.0,0.0,0.0,1.0,0.0,0.0,0.0,1.0,0.0,0.0,1.0,0.0,0.0,1.0,0.0,0.0,0.0,0.0,0.0,0.0,4.0,1.0,4.0,6.0,9.0,8.0,15.0,5.0,17.0,11.0,12.0,22.0,12.0,30.0,27.0,24.0,10.0,2.0,1.0,4.0,5.0,2.0,0.0,0.0,0.0,0.0,0.0,0.0,0.0,0.0,0.0,0.0,0.0,0.0,0.0,1.0,1.0,0.0,0.0,0.0,0.0,0.0,0.0,0.0,0.0,0.0,0.0,0.0,0.0,0.0,0.0,0.0,0.0
La Araucania,09,Saavedra,09116,12793.0,0,0.0,0.0,0.0,0.0,0.0,0.0,0.0,0.0,0.0,0.0,0.0,0.0,0.0,0.0,0.0,0.0,0.0,0.0,0.0,0.0,0.0,0.0,0.0,0.0,0.0,0.0,0.0,0.0,0.0,1.0,1.0,5.0,6.0,2.0,4.0,1.0,1.0,4.0,0.0,0.0,1.0,1.0,0.0,2.0,0.0,5.0,1.0,1.0,2.0,1.0,4.0,9.0,4.0,4.0,2.0,2.0,4.0,5.0,2.0,13.0,1.0,2.0,4.0,3.0,4.0,7.0,1.0,6.0,3.0,3.0,6.0,2.0,1.0,1.0,1.0,0.0,0.0,0.0,1.0,0.0,0.0,0.0,1.0,0.0,0.0,0.0,0.0,0.0,1.0,0.0,1.0,0.0,0.0,0.0,0.0,0.0,0.0,0.0,0.0,0.0,0.0,0.0,0.0
La Araucania,09,Temuco,09101,302931.0,0,0.0,0.0,0.0,1.0,1.0,2.0,0.0,1.0,0.0,0.0,0.0,0.0,0.0,0.0,0.0,0.0,1.0,1.0,0.0,0.0,1.0,0.0,0.0,0.0,1.0,0.0,0.0,1.0,1.0,8.0,8.0,8.0,5.0,9.0,5.0,14.0,22.0,8.0,21.0,16.0,5.0,4.0,5.0,11.0,11.0,14.0,26.0,33.0,37.0,102.0,116.0,127.0,124.0,125.0,111.0,183.0,242.0,202.0,164.0,163.0,172.0,163.0,149.0,160.0,138.0,138.0,95.0,82.0,72.0,85.0,68.0,50.0,32.0,45.0,23.0,22.0,10.0,8.0,6.0,11.0,4.0,8.0,3.0,3.0,4.0,7.0,8.0,6.0,10.0,16.0,34.0,21.0,1.0,2.0,1.0,2.0,0.0,0.0,0.0,0.0,0.0,0.0,0.0
La Araucania,09,Teodoro Schmidt,09117,15786.0,0,0.0,0.0,0.0,0.0,0.0,0.0,0.0,0.0,0.0,0.0,0.0,0.0,0.0,0.0,0.0,0.0,0.0,0.0,0.0,0.0,0.0,0.0,0.0,0.0,0.0,0.0,0.0,0.0,0.0,0.0,0.0,0.0,0.0,1.0,0.0,0.0,0.0,1.0,0.0,0.0,0.0,0.0,0.0,0.0,0.0,0.0,0.0,0.0,0.0,0.0,0.0,0.0,0.0,0.0,0.0,1.0,6.0,3.0,3.0,6.0,1.0,0.0,2.0,14.0,3.0,3.0,2.0,3.0,0.0,1.0,4.0,0.0,2.0,1.0,0.0,0.0,0.0,1.0,0.0,0.0,0.0,1.0,0.0,0.0,0.0,0.0,0.0,0.0,0.0,4.0,7.0,1.0,0.0,0.0,0.0,0.0,0.0,0.0,0.0,0.0,0.0,0.0,0.0
La Araucania,09,Tolten,09118,10055.0,0,0.0,0.0,0.0,0.0,0.0,0.0,0.0,0.0,0.0,0.0,0.0,0.0,0.0,0.0,0.0,0.0,0.0,0.0,0.0,0.0,0.0,0.0,0.0,0.0,0.0,0.0,0.0,0.0,0.0,0.0,0.0,0.0,0.0,0.0,0.0,0.0,0.0,0.0,0.0,0.0,0.0,0.0,0.0,0.0,1.0,0.0,2.0,0.0,1.0,0.0,1.0,4.0,5.0,3.0,3.0,3.0,5.0,1.0,3.0,3.0,0.0,9.0,4.0,19.0,18.0,9.0,1.0,18.0,6.0,5.0,4.0,5.0,7.0,2.0,4.0,0.0,0.0,0.0,0.0,0.0,0.0,0.0,0.0,0.0,0.0,0.0,0.0,0.0,1.0,3.0,5.0,2.0,0.0,0.0,0.0,0.0,0.0,0.0,0.0,0.0,0.0,0.0,0.0
La Araucania,09,Traiguen,09210,19314.0,0,0.0,0.0,0.0,0.0,0.0,0.0,0.0,0.0,0.0,0.0,0.0,0.0,0.0,0.0,0.0,0.0,0.0,0.0,0.0,0.0,0.0,0.0,0.0,0.0,0.0,0.0,0.0,0.0,0.0,0.0,0.0,1.0,1.0,0.0,0.0,0.0,0.0,1.0,1.0,0.0,0.0,0.0,1.0,0.0,0.0,0.0,2.0,6.0,4.0,8.0,10.0,16.0,8.0,14.0,3.0,11.0,8.0,10.0,6.0,10.0,14.0,12.0,22.0,12.0,18.0,12.0,9.0,3.0,6.0,11.0,10.0,5.0,5.0,5.0,5.0,1.0,4.0,0.0,2.0,0.0,4.0,1.0,0.0,0.0,0.0,0.0,0.0,0.0,0.0,0.0,0.0,0.0,0.0,0.0,0.0,0.0,0.0,0.0,0.0,0.0,0.0,0.0,0.0
La Araucania,09,Victoria,09211,35467.0,0,0.0,0.0,0.0,0.0,0.0,0.0,0.0,0.0,0.0,0.0,0.0,0.0,0.0,0.0,0.0,1.0,1.0,0.0,0.0,0.0,0.0,0.0,1.0,0.0,0.0,0.0,0.0,0.0,0.0,0.0,0.0,0.0,0.0,0.0,0.0,0.0,0.0,0.0,1.0,0.0,1.0,0.0,2.0,0.0,0.0,1.0,2.0,5.0,1.0,4.0,10.0,16.0,14.0,10.0,4.0,6.0,14.0,18.0,10.0,6.0,10.0,3.0,12.0,7.0,14.0,21.0,2.0,6.0,5.0,3.0,4.0,5.0,3.0,0.0,2.0,1.0,0.0,2.0,0.0,2.0,0.0,0.0,0.0,0.0,0.0,0.0,2.0,0.0,1.0,0.0,2.0,7.0,0.0,1.0,0.0,0.0,0.0,0.0,0.0,1.0,0.0,0.0,0.0
La Araucania,09,Vilcun,09119,30766.0,0,0.0,0.0,0.0,0.0,0.0,0.0,0.0,1.0,0.0,0.0,0.0,0.0,0.0,0.0,0.0,0.0,0.0,0.0,0.0,0.0,0.0,0.0,0.0,0.0,0.0,0.0,1.0,0.0,0.0,0.0,0.0,0.0,0.0,1.0,0.0,0.0,0.0,0.0,0.0,0.0,0.0,1.0,1.0,2.0,0.0,0.0,0.0,1.0,2.0,9.0,15.0,23.0,22.0,15.0,18.0,16.0,30.0,43.0,18.0,21.0,27.0,28.0,24.0,21.0,18.0,16.0,21.0,7.0,8.0,13.0,8.0,4.0,3.0,5.0,1.0,3.0,6.0,1.0,1.0,0.0,0.0,0.0,1.0,0.0,1.0,0.0,2.0,0.0,0.0,3.0,0.0,2.0,0.0,0.0,0.0,0.0,0.0,0.0,0.0,0.0,0.0,0.0,0.0
La Araucania,09,Villarrica,09120,59103.0,0,0.0,0.0,0.0,0.0,0.0,0.0,0.0,0.0,0.0,0.0,0.0,0.0,0.0,0.0,0.0,0.0,0.0,0.0,0.0,0.0,0.0,0.0,0.0,0.0,0.0,0.0,0.0,0.0,0.0,0.0,0.0,0.0,3.0,2.0,2.0,0.0,1.0,1.0,0.0,0.0,0.0,1.0,2.0,1.0,5.0,1.0,0.0,0.0,0.0,4.0,8.0,13.0,24.0,16.0,15.0,23.0,25.0,25.0,18.0,25.0,19.0,20.0,20.0,15.0,12.0,29.0,31.0,16.0,23.0,23.0,18.0,16.0,7.0,7.0,9.0,4.0,1.0,1.0,2.0,0.0,0.0,1.0,0.0,1.0,0.0,0.0,0.0,1.0,4.0,5.0,4.0,3.0,0.0,0.0,0.0,0.0,0.0,0.0,0.0,0.0,1.0,0.0,0.0
La Araucania,09,Desconocido Araucania,,,0,0.0,0.0,0.0,0.0,0.0,0.0,0.0,0.0,0.0,0.0,0.0,0.0,0.0,0.0,0.0,0.0,0.0,0.0,0.0,0.0,0.0,0.0,0.0,0.0,0.0,0.0,0.0,0.0,0.0,0.0,0.0,0.0,0.0,0.0,0.0,0.0,0.0,0.0,0.0,0.0,0.0,0.0,0.0,0.0,0.0,0.0,0.0,0.0,0.0,0.0,0.0,0.0,0.0,0.0,0.0,0.0,0.0,0.0,0.0,0.0,0.0,0.0,0.0,0.0,0.0,0.0,0.0,0.0,0.0,0.0,0.0,0.0,0.0,0.0,0.0,0.0,0.0,0.0,0.0,0.0,0.0,0.0,0.0,0.0,0.0,0.0,0.0,0.0,0.0,0.0,0.0,0.0,0.0,0.0,0.0,0.0,0.0,0.0,0.0,0.0,0.0,0.0,0.0
La Araucania,09,Total,,1014343.0,0.0,0.0,0.0,0.0,1.0,1.0,2.0,0.0,2.0,2.0,0.0,4.0,0.0,1.0,0.0,4.0,1.0,2.0,1.0,0.0,3.0,4.0,1.0,2.0,2.0,1.0,0.0,1.0,3.0,2.0,15.0,19.0,40.0,40.0,50.0,44.0,50.0,72.0,59.0,67.0,74.0,66.0,58.0,48.0,57.0,52.0,75.0,108.0,118.0,127.0,274.0,323.0,381.0,407.0,371.0,305.0,474.0,643.0,566.0,443.0,487.0,518.0,457.0,449.0,491.0,485.0,460.0,321.0,282.0,278.0,290.0,224.0,181.0,130.0,114.0,83.0,83.0,39.0,40.0,34.0,30.0,26.0,17.0,18.0,12.0,13.0,18.0,26.0,27.0,43.0,55.0,79.0,79.0,1.0,3.0,2.0,3.0,1.0,0.0,0.0,1.0,1.0,3.0,0.0
,,,,,,,,,,,,,,,,,,,,,,,,,,,,,,,,,,,,,,,,,,,,,,,,,,,,,,,,,,,,,,,,,,,,,,,,,,,,,,,,,,,,,,,,,,,,,,,,,,,,,,,,,,,,
Los Rios,14,Corral,14102,5447.0,0,0.0,0.0,0.0,0.0,0.0,0.0,0.0,0.0,0.0,0.0,0.0,0.0,0.0,0.0,0.0,0.0,0.0,0.0,0.0,0.0,0.0,0.0,0.0,0.0,0.0,0.0,0.0,0.0,0.0,0.0,0.0,0.0,0.0,0.0,0.0,0.0,0.0,0.0,0.0,0.0,0.0,0.0,0.0,0.0,0.0,0.0,1.0,0.0,1.0,1.0,1.0,1.0,1.0,3.0,1.0,2.0,6.0,9.0,6.0,3.0,0.0,2.0,1.0,3.0,2.0,1.0,0.0,3.0,4.0,0.0,1.0,0.0,0.0,5.0,0.0,2.0,0.0,0.0,0.0,0.0,0.0,0.0,0.0,0.0,0.0,0.0,0.0,0.0,0.0,4.0,1.0,1.0,1.0,0.0,0.0,0.0,0.0,0.0,0.0,0.0,0.0,0.0,0.0
Los Rios,14,Futrono,14202,15261.0,0,0.0,0.0,0.0,0.0,0.0,0.0,0.0,0.0,0.0,0.0,0.0,0.0,0.0,0.0,0.0,0.0,0.0,0.0,0.0,0.0,0.0,0.0,0.0,0.0,0.0,0.0,0.0,0.0,0.0,0.0,0.0,0.0,0.0,0.0,0.0,0.0,0.0,0.0,1.0,1.0,2.0,0.0,1.0,2.0,0.0,1.0,1.0,1.0,0.0,2.0,5.0,4.0,1.0,5.0,18.0,5.0,3.0,1.0,4.0,13.0,4.0,6.0,15.0,9.0,4.0,8.0,12.0,13.0,17.0,9.0,13.0,11.0,4.0,4.0,8.0,0.0,1.0,2.0,0.0,0.0,4.0,0.0,3.0,0.0,0.0,0.0,0.0,2.0,1.0,5.0,1.0,0.0,0.0,0.0,0.0,0.0,0.0,0.0,0.0,0.0,0.0,0.0,0.0
Los Rios,14,La Union,14201,39538.0,0,0.0,0.0,0.0,0.0,0.0,0.0,0.0,0.0,0.0,0.0,0.0,0.0,0.0,0.0,0.0,0.0,0.0,0.0,0.0,1.0,0.0,0.0,0.0,0.0,0.0,0.0,0.0,0.0,2.0,1.0,10.0,11.0,7.0,15.0,4.0,3.0,5.0,5.0,3.0,8.0,2.0,6.0,2.0,6.0,3.0,8.0,18.0,13.0,33.0,22.0,28.0,29.0,29.0,21.0,31.0,44.0,39.0,45.0,33.0,19.0,31.0,11.0,13.0,6.0,10.0,17.0,14.0,17.0,15.0,17.0,8.0,10.0,4.0,7.0,6.0,5.0,3.0,1.0,2.0,2.0,1.0,1.0,1.0,5.0,0.0,1.0,10.0,6.0,4.0,3.0,4.0,4.0,0.0,0.0,0.0,0.0,0.0,0.0,0.0,0.0,0.0,0.0,0.0
Los Rios,14,Lago Ranco,14203,10292.0,0,0.0,0.0,0.0,0.0,0.0,0.0,0.0,0.0,0.0,0.0,0.0,0.0,0.0,0.0,0.0,0.0,0.0,0.0,0.0,0.0,0.0,0.0,0.0,0.0,0.0,0.0,0.0,0.0,0.0,0.0,0.0,0.0,0.0,0.0,0.0,0.0,0.0,0.0,0.0,1.0,0.0,0.0,0.0,0.0,1.0,0.0,0.0,1.0,0.0,0.0,4.0,5.0,5.0,1.0,3.0,1.0,2.0,4.0,5.0,4.0,6.0,5.0,7.0,3.0,3.0,9.0,7.0,2.0,4.0,5.0,1.0,0.0,2.0,3.0,3.0,2.0,4.0,0.0,0.0,0.0,1.0,0.0,0.0,0.0,0.0,0.0,0.0,0.0,3.0,0.0,1.0,0.0,0.0,0.0,0.0,0.0,0.0,0.0,0.0,0.0,0.0,0.0,0.0
Los Rios,14,Lanco,14103,17652.0,0,0.0,0.0,0.0,0.0,0.0,0.0,0.0,0.0,0.0,0.0,0.0,0.0,0.0,0.0,0.0,0.0,0.0,0.0,0.0,0.0,0.0,0.0,0.0,0.0,0.0,0.0,0.0,0.0,0.0,0.0,1.0,0.0,0.0,0.0,0.0,1.0,0.0,0.0,0.0,0.0,0.0,1.0,1.0,2.0,1.0,1.0,1.0,1.0,4.0,11.0,4.0,6.0,4.0,8.0,6.0,12.0,15.0,14.0,9.0,10.0,10.0,3.0,9.0,11.0,3.0,6.0,13.0,19.0,12.0,8.0,3.0,8.0,12.0,6.0,0.0,6.0,0.0,2.0,2.0,0.0,0.0,0.0,1.0,2.0,0.0,0.0,2.0,1.0,3.0,4.0,6.0,6.0,0.0,0.0,0.0,0.0,0.0,0.0,0.0,0.0,0.0,0.0,0.0
Los Rios,14,Los Lagos,14104,20518.0,0,0.0,0.0,0.0,0.0,0.0,0.0,0.0,0.0,0.0,0.0,0.0,0.0,0.0,0.0,0.0,0.0,0.0,0.0,0.0,0.0,0.0,0.0,0.0,0.0,0.0,0.0,0.0,0.0,2.0,0.0,1.0,0.0,0.0,0.0,0.0,0.0,0.0,2.0,2.0,1.0,1.0,0.0,1.0,1.0,3.0,3.0,2.0,1.0,0.0,1.0,12.0,7.0,5.0,6.0,4.0,6.0,8.0,11.0,9.0,5.0,8.0,6.0,4.0,7.0,8.0,12.0,8.0,14.0,7.0,17.0,4.0,5.0,4.0,5.0,3.0,0.0,5.0,0.0,0.0,6.0,0.0,1.0,0.0,1.0,0.0,0.0,1.0,0.0,0.0,0.0,0.0,3.0,0.0,0.0,0.0,0.0,0.0,0.0,0.0,0.0,0.0,0.0,0.0
Los Rios,14,Mafil,14105,7389.0,0,0.0,0.0,0.0,0.0,0.0,0.0,0.0,0.0,0.0,0.0,0.0,0.0,0.0,0.0,0.0,0.0,0.0,0.0,0.0,0.0,0.0,0.0,0.0,0.0,0.0,0.0,0.0,0.0,0.0,1.0,0.0,0.0,0.0,0.0,0.0,0.0,0.0,0.0,0.0,0.0,0.0,0.0,1.0,0.0,2.0,3.0,7.0,2.0,2.0,1.0,1.0,2.0,5.0,3.0,4.0,5.0,2.0,10.0,2.0,4.0,3.0,9.0,2.0,2.0,3.0,7.0,2.0,7.0,3.0,3.0,5.0,0.0,1.0,1.0,0.0,1.0,1.0,3.0,1.0,0.0,1.0,1.0,0.0,0.0,0.0,0.0,1.0,1.0,0.0,0.0,1.0,1.0,0.0,0.0,0.0,0.0,0.0,0.0,0.0,0.0,0.0,0.0,0.0
Los Rios,14,Mariquina,14106,23250.0,0,0.0,0.0,0.0,0.0,0.0,0.0,0.0,0.0,0.0,0.0,0.0,0.0,0.0,0.0,0.0,0.0,0.0,0.0,0.0,0.0,0.0,0.0,0.0,0.0,0.0,0.0,0.0,0.0,3.0,0.0,0.0,0.0,0.0,1.0,3.0,0.0,0.0,0.0,1.0,0.0,0.0,0.0,0.0,0.0,4.0,0.0,0.0,2.0,0.0,3.0,8.0,6.0,8.0,9.0,9.0,14.0,13.0,9.0,19.0,19.0,16.0,18.0,27.0,30.0,17.0,17.0,11.0,13.0,10.0,11.0,7.0,10.0,1.0,2.0,1.0,1.0,4.0,4.0,0.0,1.0,1.0,1.0,0.0,0.0,1.0,1.0,1.0,3.0,1.0,2.0,4.0,3.0,0.0,0.0,0.0,0.0,0.0,0.0,0.0,0.0,0.0,0.0,0.0
Los Rios,14,Paillaco,14107,20798.0,0,0.0,0.0,0.0,0.0,0.0,0.0,0.0,0.0,0.0,0.0,0.0,0.0,0.0,0.0,0.0,0.0,0.0,0.0,0.0,0.0,0.0,0.0,0.0,0.0,0.0,0.0,0.0,0.0,0.0,0.0,0.0,0.0,0.0,0.0,0.0,0.0,0.0,0.0,0.0,0.0,0.0,0.0,0.0,0.0,0.0,1.0,0.0,0.0,0.0,4.0,9.0,10.0,8.0,6.0,11.0,3.0,6.0,8.0,5.0,5.0,5.0,5.0,8.0,4.0,4.0,11.0,14.0,7.0,4.0,11.0,11.0,9.0,5.0,4.0,3.0,1.0,0.0,2.0,0.0,1.0,0.0,1.0,1.0,1.0,3.0,0.0,2.0,0.0,0.0,0.0,0.0,2.0,0.0,0.0,0.0,0.0,0.0,0.0,0.0,0.0,0.0,0.0,0.0
Los Rios,14,Panguipulli,14108,35991.0,0,0.0,0.0,0.0,0.0,0.0,0.0,0.0,0.0,0.0,0.0,0.0,0.0,0.0,0.0,0.0,0.0,0.0,0.0,0.0,0.0,0.0,0.0,0.0,0.0,0.0,0.0,0.0,0.0,0.0,2.0,0.0,0.0,0.0,0.0,0.0,2.0,1.0,3.0,1.0,2.0,0.0,0.0,0.0,0.0,1.0,0.0,0.0,3.0,0.0,7.0,13.0,15.0,7.0,23.0,23.0,19.0,14.0,16.0,8.0,17.0,19.0,6.0,5.0,9.0,9.0,13.0,26.0,25.0,25.0,30.0,21.0,27.0,24.0,15.0,10.0,16.0,5.0,2.0,2.0,3.0,4.0,5.0,3.0,7.0,0.0,1.0,0.0,1.0,0.0,2.0,11.0,4.0,1.0,0.0,0.0,0.0,0.0,0.0,0.0,0.0,0.0,0.0,0.0
Los Rios,14,Rio Bueno,14204,32925.0,0,0.0,0.0,0.0,0.0,0.0,0.0,0.0,0.0,0.0,0.0,0.0,0.0,0.0,0.0,0.0,0.0,0.0,0.0,0.0,0.0,0.0,0.0,0.0,0.0,0.0,0.0,0.0,0.0,0.0,0.0,0.0,0.0,0.0,1.0,0.0,0.0,0.0,0.0,1.0,0.0,0.0,1.0,0.0,3.0,0.0,4.0,2.0,1.0,3.0,15.0,15.0,16.0,11.0,4.0,11.0,14.0,26.0,24.0,11.0,21.0,14.0,8.0,5.0,5.0,7.0,11.0,8.0,12.0,15.0,15.0,14.0,13.0,7.0,1.0,6.0,2.0,3.0,1.0,1.0,1.0,1.0,0.0,1.0,2.0,0.0,0.0,5.0,0.0,2.0,2.0,1.0,2.0,0.0,0.0,0.0,0.0,0.0,0.0,0.0,0.0,0.0,0.0,0.0
Los Rios,14,Valdivia,14101,176774.0,0,0.0,0.0,0.0,0.0,0.0,0.0,0.0,0.0,0.0,0.0,0.0,0.0,0.0,0.0,0.0,0.0,0.0,0.0,0.0,0.0,0.0,0.0,0.0,0.0,0.0,0.0,0.0,2.0,0.0,1.0,0.0,1.0,5.0,0.0,3.0,8.0,10.0,10.0,12.0,11.0,23.0,21.0,29.0,16.0,18.0,35.0,34.0,52.0,46.0,114.0,76.0,70.0,93.0,98.0,102.0,126.0,131.0,140.0,94.0,124.0,81.0,53.0,57.0,73.0,76.0,77.0,99.0,89.0,103.0,83.0,75.0,61.0,39.0,50.0,47.0,37.0,31.0,22.0,16.0,10.0,11.0,4.0,8.0,7.0,6.0,9.0,23.0,26.0,23.0,13.0,21.0,52.0,1.0,0.0,0.0,0.0,0.0,1.0,0.0,0.0,0.0,0.0,0.0
Los Rios,14,Desconocido Los Rios,,,0,0.0,0.0,0.0,0.0,0.0,0.0,0.0,0.0,0.0,0.0,0.0,0.0,0.0,0.0,0.0,0.0,0.0,0.0,0.0,0.0,0.0,0.0,0.0,0.0,0.0,0.0,0.0,0.0,0.0,0.0,0.0,0.0,0.0,0.0,0.0,0.0,0.0,0.0,0.0,0.0,0.0,0.0,0.0,0.0,0.0,0.0,0.0,0.0,0.0,0.0,0.0,0.0,0.0,0.0,0.0,0.0,0.0,0.0,0.0,0.0,0.0,0.0,0.0,0.0,0.0,0.0,0.0,0.0,0.0,0.0,0.0,0.0,0.0,0.0,0.0,0.0,0.0,0.0,0.0,0.0,0.0,0.0,0.0,0.0,0.0,0.0,0.0,0.0,0.0,0.0,0.0,0.0,0.0,0.0,0.0,0.0,0.0,0.0,0.0,0.0,0.0,0.0,0.0
Los Rios,14,Total,,405835.0,0.0,0.0,0.0,0.0,0.0,0.0,0.0,0.0,0.0,0.0,0.0,0.0,0.0,0.0,0.0,0.0,0.0,0.0,0.0,0.0,1.0,0.0,0.0,0.0,0.0,0.0,0.0,0.0,2.0,7.0,5.0,12.0,12.0,12.0,17.0,10.0,14.0,16.0,20.0,21.0,24.0,28.0,29.0,35.0,30.0,33.0,56.0,66.0,77.0,89.0,181.0,176.0,171.0,177.0,187.0,223.0,251.0,265.0,291.0,205.0,244.0,197.0,132.0,153.0,162.0,146.0,189.0,214.0,221.0,219.0,209.0,163.0,154.0,103.0,103.0,87.0,73.0,57.0,39.0,24.0,24.0,24.0,14.0,18.0,25.0,10.0,12.0,45.0,40.0,37.0,35.0,51.0,78.0,3.0,0.0,0.0,0.0,0.0,1.0,0.0,0.0,0.0,0.0,0.0
,,,,,,,,,,,,,,,,,,,,,,,,,,,,,,,,,,,,,,,,,,,,,,,,,,,,,,,,,,,,,,,,,,,,,,,,,,,,,,,,,,,,,,,,,,,,,,,,,,,,,,,,,,,,
Los Lagos,10,Ancud,10202,42458.0,0,0.0,0.0,0.0,0.0,0.0,0.0,0.0,0.0,0.0,0.0,0.0,0.0,0.0,0.0,0.0,0.0,0.0,0.0,1.0,0.0,0.0,0.0,0.0,1.0,0.0,0.0,0.0,0.0,0.0,0.0,0.0,0.0,0.0,0.0,0.0,2.0,3.0,4.0,5.0,5.0,15.0,14.0,9.0,11.0,19.0,24.0,47.0,44.0,36.0,39.0,37.0,25.0,21.0,33.0,26.0,48.0,22.0,15.0,7.0,8.0,11.0,18.0,21.0,13.0,18.0,43.0,26.0,31.0,15.0,6.0,9.0,5.0,1.0,1.0,3.0,1.0,2.0,2.0,0.0,3.0,0.0,3.0,2.0,1.0,2.0,0.0,0.0,0.0,2.0,2.0,2.0,1.0,0.0,0.0,0.0,0.0,0.0,0.0,0.0,0.0,0.0,0.0,0.0
Los Lagos,10,Calbuco,10102,36744.0,0,0.0,0.0,0.0,0.0,0.0,0.0,0.0,0.0,0.0,0.0,0.0,0.0,0.0,0.0,0.0,0.0,0.0,1.0,17.0,4.0,12.0,0.0,0.0,1.0,0.0,0.0,3.0,6.0,3.0,1.0,2.0,8.0,9.0,6.0,5.0,7.0,13.0,8.0,10.0,14.0,12.0,12.0,23.0,9.0,7.0,28.0,27.0,20.0,39.0,35.0,48.0,19.0,19.0,16.0,17.0,23.0,22.0,12.0,13.0,36.0,13.0,16.0,9.0,8.0,15.0,26.0,34.0,48.0,38.0,8.0,2.0,10.0,4.0,1.0,4.0,8.0,1.0,4.0,0.0,0.0,0.0,0.0,0.0,3.0,4.0,3.0,0.0,0.0,0.0,5.0,10.0,9.0,0.0,0.0,0.0,0.0,0.0,0.0,0.0,0.0,0.0,0.0,0.0
Los Lagos,10,Castro,10201,47607.0,0,0.0,0.0,0.0,0.0,0.0,0.0,0.0,0.0,0.0,0.0,0.0,0.0,0.0,0.0,0.0,0.0,0.0,0.0,0.0,0.0,0.0,0.0,0.0,0.0,0.0,0.0,0.0,0.0,0.0,0.0,0.0,0.0,0.0,0.0,0.0,0.0,1.0,0.0,1.0,10.0,15.0,15.0,9.0,7.0,16.0,19.0,35.0,44.0,79.0,41.0,37.0,46.0,58.0,44.0,23.0,26.0,14.0,17.0,15.0,19.0,14.0,13.0,17.0,19.0,15.0,21.0,14.0,20.0,8.0,10.0,14.0,19.0,10.0,4.0,4.0,1.0,3.0,4.0,0.0,2.0,1.0,2.0,1.0,2.0,1.0,3.0,6.0,3.0,3.0,6.0,6.0,1.0,0.0,0.0,0.0,0.0,0.0,0.0,0.0,0.0,0.0,0.0,0.0
Los Lagos,10,Chaiten,10401,5020.0,0,0.0,0.0,0.0,0.0,0.0,0.0,0.0,0.0,0.0,0.0,0.0,0.0,0.0,0.0,0.0,0.0,0.0,0.0,0.0,0.0,0.0,1.0,0.0,0.0,0.0,0.0,0.0,0.0,0.0,0.0,0.0,0.0,0.0,0.0,0.0,0.0,0.0,0.0,0.0,0.0,0.0,0.0,0.0,0.0,0.0,2.0,3.0,5.0,3.0,0.0,2.0,1.0,2.0,1.0,1.0,0.0,0.0,0.0,0.0,0.0,0.0,0.0,0.0,0.0,0.0,1.0,0.0,0.0,2.0,1.0,2.0,0.0,0.0,0.0,0.0,0.0,0.0,0.0,0.0,0.0,0.0,2.0,0.0,2.0,1.0,1.0,2.0,5.0,4.0,1.0,0.0,0.0,0.0,0.0,0.0,0.0,0.0,0.0,0.0,0.0,0.0,0.0,0.0
Los Lagos,10,Chonchi,10203,16013.0,0,0.0,0.0,0.0,0.0,0.0,0.0,0.0,0.0,0.0,0.0,0.0,0.0,0.0,0.0,0.0,0.0,0.0,0.0,0.0,0.0,0.0,0.0,0.0,0.0,0.0,0.0,0.0,0.0,0.0,0.0,0.0,0.0,0.0,0.0,0.0,0.0,0.0,0.0,1.0,3.0,3.0,4.0,4.0,0.0,10.0,10.0,20.0,41.0,15.0,24.0,24.0,7.0,14.0,3.0,23.0,16.0,11.0,16.0,15.0,11.0,12.0,2.0,4.0,10.0,11.0,8.0,10.0,7.0,12.0,6.0,2.0,1.0,2.0,2.0,2.0,1.0,1.0,0.0,0.0,0.0,0.0,0.0,0.0,0.0,0.0,0.0,0.0,0.0,0.0,1.0,2.0,0.0,0.0,0.0,0.0,0.0,0.0,0.0,0.0,0.0,0.0,0.0,0.0
Los Lagos,10,Cochamo,10103,4006.0,0,0.0,0.0,0.0,0.0,0.0,0.0,0.0,0.0,0.0,0.0,0.0,0.0,0.0,0.0,0.0,0.0,0.0,0.0,4.0,0.0,2.0,3.0,0.0,0.0,0.0,1.0,0.0,0.0,0.0,0.0,0.0,0.0,0.0,0.0,0.0,2.0,0.0,1.0,0.0,1.0,0.0,0.0,0.0,1.0,1.0,0.0,2.0,4.0,4.0,1.0,2.0,0.0,1.0,3.0,2.0,5.0,6.0,7.0,5.0,5.0,0.0,4.0,0.0,0.0,3.0,0.0,0.0,1.0,0.0,0.0,0.0,0.0,0.0,0.0,0.0,0.0,0.0,0.0,0.0,0.0,0.0,0.0,0.0,0.0,0.0,0.0,0.0,0.0,0.0,0.0,3.0,0.0,0.0,0.0,0.0,0.0,0.0,0.0,0.0,0.0,0.0,0.0,0.0
Los Lagos,10,Curaco de Velez,10204,4066.0,0,0.0,0.0,0.0,0.0,0.0,0.0,0.0,0.0,0.0,0.0,0.0,0.0,0.0,0.0,0.0,0.0,0.0,0.0,0.0,0.0,0.0,0.0,0.0,0.0,0.0,0.0,0.0,0.0,0.0,0.0,0.0,0.0,0.0,0.0,0.0,0.0,0.0,0.0,0.0,0.0,0.0,0.0,5.0,4.0,0.0,0.0,0.0,4.0,2.0,1.0,2.0,0.0,1.0,3.0,0.0,2.0,1.0,0.0,0.0,1.0,1.0,0.0,0.0,1.0,0.0,0.0,2.0,6.0,5.0,1.0,1.0,1.0,0.0,0.0,0.0,0.0,0.0,0.0,0.0,0.0,0.0,0.0,0.0,1.0,0.0,0.0,0.0,0.0,0.0,0.0,1.0,0.0,0.0,0.0,0.0,0.0,0.0,0.0,0.0,0.0,0.0,0.0,0.0
Los Lagos,10,Dalcahue,10205,15069.0,0,0.0,0.0,0.0,0.0,0.0,0.0,0.0,0.0,0.0,0.0,0.0,0.0,0.0,0.0,0.0,0.0,0.0,0.0,0.0,0.0,0.0,0.0,0.0,0.0,0.0,0.0,0.0,0.0,0.0,0.0,0.0,0.0,0.0,0.0,0.0,0.0,1.0,0.0,0.0,4.0,5.0,7.0,10.0,11.0,21.0,26.0,26.0,64.0,63.0,48.0,19.0,6.0,5.0,9.0,0.0,11.0,11.0,5.0,4.0,10.0,7.0,11.0,11.0,10.0,18.0,25.0,23.0,24.0,6.0,9.0,5.0,7.0,2.0,1.0,1.0,1.0,1.0,0.0,1.0,0.0,2.0,1.0,0.0,0.0,0.0,0.0,0.0,0.0,0.0,0.0,0.0,1.0,0.0,0.0,0.0,0.0,0.0,0.0,0.0,0.0,0.0,0.0,0.0
Los Lagos,10,Fresia,10104,12656.0,0,0.0,0.0,0.0,0.0,0.0,0.0,0.0,0.0,0.0,0.0,0.0,0.0,0.0,0.0,0.0,0.0,0.0,0.0,3.0,3.0,0.0,0.0,0.0,0.0,0.0,1.0,0.0,0.0,1.0,0.0,0.0,1.0,0.0,0.0,0.0,0.0,0.0,1.0,0.0,1.0,0.0,2.0,1.0,3.0,3.0,1.0,2.0,5.0,7.0,15.0,21.0,13.0,13.0,5.0,8.0,10.0,7.0,1.0,5.0,4.0,4.0,8.0,4.0,11.0,8.0,4.0,4.0,12.0,2.0,3.0,4.0,1.0,1.0,1.0,2.0,0.0,1.0,4.0,4.0,1.0,0.0,0.0,0.0,0.0,0.0,0.0,0.0,0.0,0.0,1.0,3.0,1.0,0.0,0.0,0.0,0.0,0.0,0.0,0.0,0.0,0.0,0.0,0.0
Los Lagos,10,Frutillar,10105,20223.0,0,0.0,0.0,0.0,0.0,0.0,0.0,0.0,0.0,0.0,0.0,0.0,0.0,0.0,0.0,0.0,0.0,0.0,3.0,6.0,20.0,10.0,0.0,0.0,0.0,0.0,5.0,1.0,0.0,6.0,5.0,3.0,16.0,10.0,5.0,3.0,2.0,1.0,2.0,2.0,0.0,1.0,9.0,5.0,8.0,5.0,5.0,4.0,15.0,8.0,5.0,3.0,1.0,6.0,3.0,5.0,7.0,7.0,8.0,6.0,6.0,0.0,7.0,9.0,9.0,2.0,11.0,9.0,10.0,3.0,8.0,7.0,5.0,5.0,3.0,0.0,2.0,1.0,1.0,0.0,0.0,0.0,0.0,0.0,0.0,0.0,0.0,6.0,1.0,3.0,7.0,1.0,1.0,0.0,0.0,0.0,0.0,0.0,0.0,0.0,0.0,0.0,0.0,0.0
Los Lagos,10,Futaleufu,10402,2806.0,0,0.0,0.0,0.0,0.0,0.0,0.0,0.0,0.0,0.0,0.0,0.0,0.0,0.0,0.0,0.0,0.0,0.0,0.0,0.0,0.0,0.0,0.0,0.0,0.0,0.0,0.0,0.0,0.0,0.0,0.0,0.0,0.0,0.0,0.0,0.0,0.0,0.0,0.0,0.0,0.0,0.0,0.0,0.0,0.0,0.0,0.0,0.0,0.0,1.0,1.0,0.0,0.0,0.0,1.0,1.0,3.0,3.0,0.0,0.0,0.0,0.0,0.0,0.0,0.0,0.0,0.0,0.0,0.0,0.0,0.0,0.0,0.0,0.0,2.0,1.0,0.0,0.0,0.0,0.0,0.0,0.0,0.0,0.0,3.0,4.0,0.0,0.0,5.0,1.0,7.0,8.0,0.0,0.0,0.0,0.0,0.0,0.0,0.0,0.0,0.0,0.0,0.0,0.0
Los Lagos,10,Hualaihue,10403,9525.0,0,0.0,0.0,0.0,0.0,0.0,0.0,0.0,0.0,0.0,0.0,0.0,0.0,0.0,0.0,0.0,0.0,0.0,2.0,1.0,0.0,0.0,0.0,0.0,0.0,0.0,0.0,1.0,0.0,0.0,7.0,3.0,0.0,3.0,3.0,6.0,6.0,8.0,5.0,3.0,0.0,1.0,0.0,0.0,2.0,0.0,7.0,18.0,9.0,1.0,6.0,6.0,13.0,22.0,14.0,8.0,12.0,12.0,8.0,8.0,6.0,6.0,1.0,0.0,1.0,6.0,6.0,0.0,2.0,2.0,1.0,0.0,1.0,0.0,1.0,1.0,2.0,3.0,0.0,0.0,0.0,0.0,2.0,2.0,1.0,0.0,0.0,0.0,1.0,1.0,2.0,0.0,0.0,0.0,0.0,0.0,0.0,0.0,0.0,0.0,0.0,0.0,0.0,0.0
Los Lagos,10,Llanquihue,10107,18621.0,0,0.0,0.0,0.0,0.0,0.0,0.0,0.0,0.0,0.0,0.0,0.0,0.0,0.0,0.0,0.0,0.0,0.0,1.0,0.0,2.0,1.0,0.0,0.0,0.0,0.0,0.0,3.0,0.0,0.0,0.0,0.0,0.0,0.0,1.0,2.0,1.0,0.0,4.0,1.0,3.0,2.0,1.0,1.0,3.0,4.0,3.0,7.0,10.0,8.0,5.0,4.0,7.0,7.0,9.0,4.0,7.0,4.0,5.0,3.0,3.0,6.0,5.0,7.0,7.0,11.0,7.0,9.0,6.0,7.0,5.0,4.0,3.0,0.0,0.0,4.0,7.0,4.0,3.0,5.0,1.0,1.0,0.0,0.0,4.0,0.0,0.0,1.0,0.0,0.0,19.0,7.0,5.0,0.0,0.0,0.0,0.0,0.0,0.0,0.0,0.0,0.0,0.0,0.0
Los Lagos,10,Los Muermos,10106,17817.0,0,0.0,0.0,0.0,0.0,0.0,0.0,0.0,0.0,0.0,0.0,0.0,0.0,0.0,0.0,0.0,0.0,0.0,0.0,0.0,1.0,0.0,0.0,0.0,1.0,2.0,0.0,0.0,1.0,3.0,2.0,1.0,1.0,7.0,2.0,1.0,4.0,5.0,1.0,4.0,1.0,1.0,0.0,1.0,0.0,6.0,10.0,4.0,3.0,7.0,20.0,10.0,14.0,8.0,16.0,4.0,6.0,8.0,5.0,3.0,7.0,14.0,7.0,8.0,2.0,2.0,3.0,8.0,7.0,7.0,3.0,2.0,8.0,3.0,1.0,8.0,0.0,3.0,0.0,0.0,0.0,0.0,0.0,0.0,0.0,1.0,2.0,0.0,4.0,0.0,1.0,1.0,0.0,0.0,0.0,0.0,0.0,0.0,0.0,0.0,0.0,0.0,0.0,0.0
Los Lagos,10,Maullin,10108,14894.0,0,0.0,0.0,0.0,0.0,0.0,0.0,0.0,0.0,0.0,0.0,0.0,0.0,0.0,0.0,0.0,0.0,0.0,2.0,2.0,4.0,7.0,1.0,0.0,4.0,7.0,6.0,4.0,31.0,4.0,20.0,17.0,6.0,5.0,1.0,4.0,6.0,26.0,10.0,18.0,15.0,12.0,10.0,10.0,7.0,10.0,10.0,31.0,39.0,60.0,45.0,13.0,16.0,10.0,11.0,5.0,3.0,7.0,32.0,7.0,23.0,6.0,10.0,6.0,3.0,0.0,3.0,1.0,8.0,3.0,4.0,5.0,2.0,1.0,1.0,3.0,1.0,3.0,1.0,0.0,0.0,0.0,0.0,1.0,0.0,0.0,0.0,1.0,0.0,1.0,0.0,1.0,1.0,0.0,1.0,0.0,0.0,0.0,0.0,0.0,0.0,0.0,0.0,0.0
Los Lagos,10,Osorno,10301,173410.0,0,0.0,0.0,0.0,0.0,0.0,0.0,0.0,0.0,0.0,0.0,0.0,0.0,0.0,0.0,0.0,1.0,0.0,0.0,1.0,2.0,0.0,3.0,6.0,9.0,11.0,5.0,1.0,3.0,0.0,2.0,3.0,7.0,9.0,7.0,5.0,2.0,13.0,5.0,5.0,13.0,12.0,0.0,4.0,4.0,3.0,5.0,6.0,30.0,53.0,69.0,95.0,72.0,59.0,83.0,89.0,145.0,117.0,102.0,78.0,78.0,89.0,107.0,90.0,54.0,68.0,110.0,106.0,62.0,82.0,80.0,64.0,60.0,34.0,25.0,36.0,16.0,16.0,15.0,5.0,4.0,10.0,13.0,17.0,26.0,12.0,11.0,18.0,21.0,25.0,38.0,29.0,11.0,0.0,0.0,0.0,0.0,0.0,1.0,0.0,0.0,0.0,1.0,0.0
Los Lagos,10,Palena,10404,1827.0,0,0.0,0.0,0.0,0.0,0.0,0.0,0.0,0.0,0.0,0.0,0.0,0.0,0.0,0.0,0.0,0.0,0.0,0.0,0.0,0.0,0.0,0.0,0.0,0.0,0.0,0.0,0.0,0.0,0.0,0.0,0.0,0.0,0.0,0.0,0.0,0.0,0.0,0.0,0.0,0.0,0.0,1.0,1.0,0.0,0.0,0.0,0.0,1.0,6.0,6.0,0.0,2.0,0.0,1.0,1.0,0.0,0.0,0.0,0.0,0.0,0.0,0.0,0.0,0.0,0.0,0.0,0.0,0.0,0.0,0.0,0.0,0.0,0.0,0.0,1.0,2.0,2.0,0.0,0.0,0.0,0.0,0.0,1.0,1.0,1.0,0.0,1.0,3.0,1.0,0.0,0.0,0.0,0.0,0.0,0.0,0.0,0.0,0.0,0.0,0.0,0.0,0.0,0.0
Los Lagos,10,Puerto Montt,10101,269398.0,0,0.0,0.0,0.0,0.0,0.0,0.0,0.0,0.0,0.0,0.0,0.0,0.0,0.0,1.0,0.0,3.0,3.0,4.0,5.0,6.0,7.0,7.0,0.0,6.0,4.0,6.0,11.0,5.0,15.0,18.0,40.0,43.0,21.0,33.0,23.0,46.0,36.0,52.0,39.0,63.0,61.0,55.0,100.0,80.0,109.0,149.0,229.0,277.0,260.0,221.0,196.0,193.0,136.0,175.0,180.0,137.0,161.0,221.0,142.0,151.0,164.0,193.0,101.0,117.0,124.0,145.0,138.0,168.0,125.0,108.0,104.0,83.0,56.0,47.0,37.0,43.0,23.0,14.0,13.0,17.0,15.0,9.0,9.0,19.0,14.0,17.0,40.0,20.0,17.0,42.0,82.0,33.0,0.0,1.0,1.0,1.0,0.0,1.0,0.0,0.0,1.0,0.0,0.0
Los Lagos,10,Puerto Octay,10302,9192.0,0,0.0,0.0,0.0,0.0,0.0,0.0,0.0,0.0,0.0,0.0,0.0,0.0,0.0,0.0,0.0,0.0,0.0,0.0,1.0,0.0,1.0,0.0,0.0,3.0,0.0,0.0,0.0,0.0,0.0,0.0,0.0,0.0,0.0,0.0,0.0,0.0,0.0,0.0,0.0,0.0,0.0,0.0,0.0,0.0,0.0,0.0,1.0,2.0,4.0,5.0,6.0,5.0,0.0,3.0,6.0,1.0,0.0,1.0,0.0,2.0,0.0,2.0,1.0,0.0,1.0,5.0,4.0,3.0,1.0,4.0,4.0,6.0,1.0,2.0,1.0,0.0,2.0,3.0,6.0,1.0,0.0,0.0,0.0,0.0,0.0,0.0,2.0,6.0,4.0,4.0,0.0,1.0,0.0,0.0,0.0,0.0,0.0,0.0,0.0,0.0,0.0,0.0,0.0
Los Lagos,10,Puerto Varas,10109,48620.0,0,0.0,0.0,0.0,0.0,0.0,0.0,0.0,0.0,0.0,0.0,0.0,0.0,0.0,0.0,0.0,0.0,0.0,1.0,1.0,0.0,0.0,0.0,0.0,0.0,0.0,0.0,0.0,0.0,6.0,11.0,1.0,0.0,0.0,0.0,0.0,0.0,0.0,0.0,0.0,0.0,1.0,10.0,18.0,14.0,15.0,19.0,40.0,46.0,15.0,36.0,49.0,37.0,49.0,32.0,45.0,46.0,41.0,32.0,31.0,28.0,25.0,14.0,11.0,29.0,35.0,20.0,34.0,21.0,34.0,38.0,22.0,22.0,10.0,10.0,9.0,7.0,4.0,4.0,6.0,1.0,0.0,1.0,0.0,3.0,7.0,4.0,3.0,2.0,11.0,15.0,23.0,14.0,0.0,0.0,0.0,0.0,0.0,0.0,1.0,0.0,0.0,0.0,0.0
Los Lagos,10,Puqueldon,10206,4201.0,0,0.0,0.0,0.0,0.0,0.0,0.0,0.0,0.0,0.0,0.0,0.0,0.0,0.0,0.0,0.0,0.0,0.0,0.0,0.0,0.0,0.0,0.0,0.0,0.0,0.0,0.0,0.0,0.0,0.0,0.0,0.0,0.0,0.0,0.0,0.0,0.0,4.0,3.0,11.0,0.0,1.0,0.0,0.0,0.0,2.0,12.0,4.0,5.0,13.0,3.0,1.0,0.0,0.0,1.0,0.0,6.0,4.0,1.0,0.0,0.0,3.0,1.0,1.0,0.0,2.0,4.0,10.0,3.0,2.0,0.0,4.0,3.0,1.0,0.0,0.0,0.0,0.0,0.0,0.0,0.0,0.0,1.0,0.0,0.0,0.0,0.0,0.0,0.0,0.0,1.0,0.0,0.0,1.0,0.0,0.0,0.0,0.0,0.0,0.0,0.0,0.0,0.0,0.0
Los Lagos,10,Purranque,10303,21080.0,0,0.0,0.0,0.0,0.0,0.0,0.0,0.0,0.0,0.0,1.0,0.0,0.0,0.0,0.0,1.0,0.0,0.0,0.0,1.0,0.0,0.0,0.0,0.0,1.0,1.0,1.0,0.0,0.0,0.0,1.0,0.0,0.0,0.0,0.0,0.0,1.0,0.0,1.0,0.0,0.0,0.0,0.0,0.0,0.0,0.0,0.0,0.0,0.0,0.0,1.0,12.0,3.0,8.0,1.0,7.0,5.0,8.0,8.0,17.0,10.0,6.0,13.0,7.0,7.0,4.0,13.0,13.0,9.0,5.0,9.0,2.0,0.0,5.0,4.0,2.0,4.0,4.0,0.0,2.0,0.0,0.0,2.0,0.0,1.0,0.0,0.0,0.0,0.0,1.0,0.0,3.0,5.0,0.0,0.0,0.0,0.0,0.0,0.0,0.0,0.0,0.0,0.0,0.0
Los Lagos,10,Puyehue,10304,11787.0,0,0.0,0.0,0.0,0.0,0.0,0.0,0.0,0.0,0.0,0.0,0.0,0.0,0.0,0.0,0.0,0.0,0.0,0.0,0.0,1.0,1.0,0.0,0.0,3.0,0.0,0.0,0.0,0.0,0.0,0.0,0.0,0.0,0.0,0.0,0.0,0.0,0.0,0.0,0.0,0.0,0.0,0.0,0.0,0.0,0.0,0.0,0.0,0.0,0.0,1.0,1.0,1.0,6.0,1.0,1.0,2.0,2.0,0.0,0.0,0.0,1.0,1.0,3.0,3.0,2.0,2.0,3.0,1.0,0.0,3.0,5.0,3.0,0.0,1.0,0.0,0.0,0.0,0.0,0.0,0.0,0.0,0.0,0.0,0.0,0.0,0.0,0.0,0.0,0.0,1.0,1.0,0.0,0.0,0.0,0.0,0.0,0.0,0.0,0.0,0.0,0.0,0.0,0.0
Los Lagos,10,Queilen,10207,5543.0,0,0.0,0.0,0.0,0.0,0.0,0.0,0.0,0.0,0.0,0.0,0.0,0.0,0.0,0.0,0.0,0.0,0.0,0.0,0.0,0.0,0.0,0.0,0.0,0.0,0.0,0.0,0.0,0.0,0.0,0.0,0.0,0.0,0.0,0.0,0.0,0.0,3.0,0.0,0.0,0.0,0.0,0.0,0.0,0.0,0.0,1.0,0.0,1.0,0.0,0.0,0.0,0.0,0.0,0.0,2.0,1.0,1.0,1.0,1.0,0.0,0.0,0.0,0.0,3.0,2.0,0.0,0.0,3.0,1.0,2.0,0.0,2.0,0.0,0.0,0.0,0.0,0.0,0.0,0.0,0.0,0.0,0.0,1.0,0.0,0.0,0.0,0.0,0.0,0.0,0.0,2.0,2.0,1.0,0.0,0.0,0.0,0.0,0.0,0.0,0.0,0.0,0.0,0.0
Los Lagos,10,Quellon,10208,29309.0,0,0.0,0.0,0.0,0.0,0.0,0.0,0.0,0.0,0.0,0.0,0.0,0.0,0.0,0.0,0.0,0.0,0.0,0.0,0.0,0.0,0.0,0.0,0.0,0.0,0.0,0.0,0.0,0.0,0.0,0.0,0.0,0.0,0.0,0.0,0.0,0.0,0.0,0.0,0.0,0.0,0.0,0.0,2.0,0.0,1.0,2.0,7.0,8.0,15.0,14.0,11.0,8.0,4.0,0.0,0.0,8.0,7.0,6.0,2.0,4.0,1.0,3.0,2.0,3.0,3.0,1.0,5.0,7.0,10.0,2.0,3.0,4.0,7.0,2.0,1.0,1.0,1.0,0.0,1.0,2.0,1.0,1.0,0.0,0.0,1.0,0.0,0.0,0.0,3.0,0.0,1.0,1.0,0.0,0.0,0.0,0.0,0.0,0.0,0.0,0.0,0.0,0.0,0.0
Los Lagos,10,Quemchi,10209,8783.0,0,0.0,0.0,0.0,0.0,0.0,0.0,0.0,0.0,0.0,0.0,0.0,0.0,0.0,0.0,0.0,0.0,0.0,0.0,0.0,0.0,0.0,0.0,0.0,0.0,0.0,0.0,0.0,0.0,0.0,0.0,0.0,0.0,0.0,0.0,1.0,0.0,0.0,1.0,0.0,8.0,8.0,5.0,1.0,7.0,5.0,7.0,21.0,30.0,6.0,14.0,6.0,4.0,1.0,5.0,8.0,3.0,1.0,2.0,5.0,5.0,1.0,0.0,2.0,2.0,3.0,5.0,4.0,4.0,1.0,6.0,2.0,2.0,0.0,0.0,0.0,0.0,0.0,1.0,0.0,0.0,0.0,0.0,0.0,0.0,0.0,0.0,1.0,0.0,2.0,0.0,0.0,0.0,0.0,0.0,0.0,0.0,0.0,0.0,0.0,0.0,0.0,0.0,0.0
Los Lagos,10,Quinchao,10210,8298.0,0,0.0,0.0,0.0,0.0,0.0,0.0,0.0,0.0,0.0,0.0,0.0,0.0,0.0,0.0,0.0,0.0,0.0,0.0,0.0,0.0,0.0,0.0,0.0,0.0,0.0,0.0,0.0,0.0,0.0,0.0,0.0,0.0,0.0,0.0,0.0,0.0,0.0,2.0,2.0,3.0,2.0,1.0,0.0,3.0,4.0,9.0,11.0,18.0,6.0,8.0,3.0,2.0,4.0,2.0,0.0,2.0,0.0,1.0,1.0,0.0,3.0,4.0,0.0,2.0,2.0,3.0,2.0,2.0,1.0,1.0,2.0,0.0,1.0,0.0,0.0,0.0,0.0,0.0,1.0,0.0,0.0,0.0,0.0,0.0,0.0,0.0,0.0,0.0,0.0,1.0,1.0,3.0,0.0,0.0,0.0,0.0,0.0,0.0,0.0,0.0,0.0,0.0,0.0
Los Lagos,10,Rio Negro,10305,14275.0,0,0.0,0.0,0.0,0.0,0.0,0.0,0.0,0.0,0.0,1.0,1.0,0.0,0.0,0.0,0.0,0.0,0.0,0.0,0.0,0.0,0.0,0.0,0.0,0.0,0.0,0.0,0.0,0.0,0.0,0.0,0.0,1.0,0.0,0.0,0.0,0.0,0.0,0.0,0.0,0.0,0.0,0.0,0.0,0.0,0.0,0.0,0.0,0.0,1.0,1.0,2.0,1.0,2.0,1.0,0.0,5.0,1.0,5.0,2.0,4.0,4.0,5.0,4.0,4.0,5.0,4.0,3.0,2.0,5.0,10.0,7.0,3.0,1.0,5.0,1.0,0.0,3.0,0.0,0.0,0.0,1.0,0.0,0.0,0.0,1.0,1.0,1.0,2.0,0.0,1.0,1.0,2.0,0.0,0.0,0.0,0.0,0.0,0.0,0.0,0.0,0.0,0.0,0.0
Los Lagos,10,San Juan de la Costa,10306,7639.0,0,0.0,0.0,0.0,0.0,0.0,0.0,0.0,0.0,0.0,0.0,0.0,0.0,0.0,0.0,0.0,0.0,0.0,0.0,0.0,0.0,0.0,0.0,1.0,0.0,0.0,0.0,0.0,0.0,0.0,0.0,2.0,0.0,1.0,0.0,0.0,0.0,0.0,0.0,0.0,0.0,0.0,0.0,0.0,0.0,0.0,0.0,0.0,0.0,1.0,0.0,2.0,4.0,2.0,2.0,0.0,3.0,0.0,2.0,2.0,5.0,2.0,4.0,2.0,3.0,2.0,0.0,1.0,4.0,1.0,2.0,1.0,3.0,2.0,0.0,0.0,0.0,0.0,0.0,0.0,0.0,0.0,0.0,0.0,0.0,1.0,0.0,0.0,1.0,1.0,1.0,2.0,1.0,0.0,0.0,0.0,0.0,0.0,0.0,0.0,0.0,0.0,0.0,0.0
Los Lagos,10,San Pablo,10307,10553.0,0,0.0,0.0,0.0,0.0,0.0,0.0,0.0,0.0,0.0,0.0,0.0,0.0,0.0,0.0,0.0,0.0,0.0,0.0,0.0,0.0,0.0,0.0,0.0,0.0,0.0,0.0,0.0,0.0,0.0,0.0,0.0,0.0,0.0,0.0,0.0,0.0,0.0,0.0,0.0,0.0,1.0,0.0,0.0,0.0,0.0,0.0,0.0,2.0,1.0,7.0,4.0,4.0,5.0,4.0,7.0,9.0,9.0,2.0,3.0,3.0,5.0,2.0,8.0,2.0,2.0,5.0,1.0,2.0,1.0,1.0,3.0,0.0,1.0,3.0,1.0,0.0,0.0,1.0,3.0,0.0,4.0,0.0,1.0,0.0,0.0,0.0,0.0,1.0,4.0,4.0,3.0,0.0,0.0,0.0,0.0,0.0,0.0,0.0,0.0,0.0,0.0,0.0,0.0
Los Lagos,10,Desconocido Los Lagos,,,0,0.0,0.0,0.0,0.0,0.0,0.0,0.0,0.0,0.0,0.0,0.0,0.0,0.0,0.0,0.0,0.0,0.0,0.0,0.0,0.0,0.0,0.0,0.0,0.0,0.0,0.0,0.0,0.0,0.0,0.0,0.0,0.0,0.0,0.0,0.0,0.0,0.0,0.0,0.0,0.0,0.0,0.0,0.0,0.0,0.0,0.0,0.0,0.0,0.0,0.0,0.0,0.0,0.0,0.0,0.0,0.0,0.0,0.0,0.0,0.0,0.0,0.0,0.0,0.0,0.0,0.0,0.0,0.0,0.0,0.0,0.0,0.0,0.0,0.0,0.0,0.0,0.0,0.0,0.0,0.0,0.0,0.0,0.0,0.0,0.0,0.0,0.0,0.0,0.0,0.0,0.0,0.0,0.0,0.0,0.0,0.0,0.0,0.0,0.0,0.0,0.0,0.0,0.0
Los Lagos,10,Total,,891440.0,0.0,0.0,0.0,0.0,0.0,0.0,0.0,0.0,0.0,0.0,2.0,1.0,0.0,0.0,1.0,1.0,4.0,3.0,14.0,43.0,43.0,41.0,15.0,7.0,29.0,25.0,25.0,24.0,46.0,38.0,67.0,72.0,83.0,65.0,58.0,50.0,79.0,114.0,100.0,102.0,144.0,153.0,146.0,204.0,174.0,241.0,349.0,545.0,727.0,714.0,672.0,616.0,504.0,463.0,482.0,473.0,552.0,487.0,515.0,375.0,429.0,398.0,451.0,328.0,323.0,364.0,475.0,464.0,473.0,379.0,331.0,280.0,254.0,148.0,117.0,122.0,97.0,78.0,57.0,47.0,32.0,35.0,37.0,35.0,67.0,50.0,42.0,82.0,75.0,84.0,160.0,193.0,93.0,2.0,2.0,1.0,1.0,0.0,2.0,1.0,0.0,1.0,1.0,0.0
,,,,,,,,,,,,,,,,,,,,,,,,,,,,,,,,,,,,,,,,,,,,,,,,,,,,,,,,,,,,,,,,,,,,,,,,,,,,,,,,,,,,,,,,,,,,,,,,,,,,,,,,,,,,
Aysen,11,Aysen,11201,25002.0,0,0.0,0.0,0.0,0.0,0.0,0.0,0.0,0.0,0.0,0.0,0.0,0.0,0.0,0.0,0.0,0.0,0.0,0.0,0.0,0.0,0.0,0.0,0.0,0.0,0.0,0.0,0.0,0.0,0.0,0.0,1.0,0.0,0.0,0.0,0.0,0.0,6.0,4.0,1.0,1.0,0.0,0.0,0.0,0.0,0.0,1.0,12.0,18.0,8.0,7.0,2.0,6.0,0.0,3.0,4.0,3.0,2.0,2.0,5.0,11.0,5.0,5.0,10.0,5.0,7.0,14.0,19.0,24.0,29.0,12.0,6.0,7.0,10.0,2.0,1.0,0.0,4.0,5.0,1.0,1.0,0.0,2.0,1.0,0.0,1.0,1.0,0.0,0.0,7.0,8.0,11.0,8.0,0.0,0.0,0.0,0.0,0.0,0.0,0.0,0.0,0.0,0.0,0.0
Aysen,11,Chile Chico,11401,5121.0,0,0.0,0.0,0.0,0.0,0.0,0.0,0.0,0.0,0.0,0.0,0.0,0.0,0.0,0.0,0.0,0.0,0.0,0.0,0.0,0.0,0.0,0.0,0.0,0.0,0.0,0.0,0.0,0.0,0.0,0.0,0.0,0.0,0.0,0.0,0.0,0.0,0.0,0.0,1.0,0.0,0.0,0.0,0.0,0.0,0.0,0.0,0.0,1.0,0.0,0.0,1.0,3.0,1.0,0.0,0.0,1.0,4.0,2.0,2.0,3.0,2.0,0.0,1.0,0.0,1.0,5.0,10.0,5.0,9.0,3.0,1.0,3.0,0.0,0.0,2.0,0.0,0.0,0.0,0.0,1.0,0.0,2.0,1.0,1.0,0.0,1.0,2.0,1.0,0.0,1.0,0.0,0.0,0.0,0.0,0.0,0.0,0.0,0.0,0.0,0.0,0.0,0.0,0.0
Aysen,11,Cisnes,11202,5828.0,0,0.0,0.0,0.0,0.0,0.0,0.0,0.0,0.0,0.0,0.0,0.0,0.0,0.0,0.0,0.0,0.0,0.0,0.0,0.0,0.0,0.0,0.0,0.0,0.0,0.0,0.0,0.0,0.0,0.0,0.0,0.0,0.0,0.0,0.0,0.0,2.0,2.0,0.0,0.0,1.0,2.0,0.0,0.0,0.0,0.0,0.0,3.0,4.0,2.0,0.0,1.0,0.0,0.0,0.0,1.0,0.0,0.0,1.0,2.0,16.0,9.0,11.0,8.0,3.0,2.0,12.0,2.0,5.0,12.0,2.0,1.0,1.0,0.0,0.0,0.0,0.0,0.0,0.0,1.0,0.0,0.0,4.0,1.0,0.0,2.0,0.0,2.0,2.0,0.0,0.0,0.0,2.0,0.0,0.0,0.0,0.0,0.0,0.0,0.0,0.0,0.0,0.0,0.0
Aysen,11,Cochrane,11301,3685.0,0,0.0,0.0,0.0,0.0,0.0,0.0,0.0,0.0,0.0,0.0,0.0,0.0,0.0,0.0,0.0,0.0,0.0,0.0,0.0,0.0,0.0,0.0,0.0,0.0,0.0,0.0,0.0,0.0,0.0,0.0,0.0,0.0,0.0,0.0,0.0,0.0,0.0,0.0,0.0,0.0,0.0,0.0,0.0,0.0,1.0,2.0,1.0,0.0,0.0,0.0,0.0,0.0,2.0,1.0,0.0,0.0,1.0,0.0,0.0,0.0,0.0,1.0,0.0,0.0,0.0,5.0,2.0,3.0,3.0,1.0,2.0,0.0,3.0,0.0,0.0,0.0,0.0,0.0,0.0,0.0,0.0,0.0,0.0,0.0,0.0,0.0,0.0,0.0,0.0,1.0,0.0,0.0,0.0,0.0,0.0,0.0,0.0,0.0,0.0,0.0,0.0,0.0,0.0
Aysen,11,Coyhaique,11101,61210.0,0,0.0,0.0,0.0,0.0,0.0,0.0,0.0,0.0,0.0,0.0,0.0,0.0,0.0,0.0,0.0,0.0,0.0,0.0,0.0,0.0,0.0,0.0,0.0,0.0,0.0,0.0,0.0,0.0,0.0,0.0,0.0,2.0,5.0,36.0,14.0,13.0,5.0,5.0,1.0,5.0,2.0,6.0,5.0,15.0,20.0,28.0,24.0,51.0,69.0,46.0,28.0,23.0,29.0,28.0,19.0,22.0,27.0,20.0,13.0,10.0,8.0,30.0,31.0,41.0,64.0,70.0,59.0,31.0,47.0,23.0,20.0,13.0,14.0,5.0,0.0,0.0,3.0,5.0,16.0,4.0,4.0,2.0,7.0,5.0,7.0,6.0,6.0,14.0,13.0,23.0,29.0,12.0,0.0,1.0,2.0,0.0,0.0,0.0,0.0,0.0,0.0,0.0,0.0
Aysen,11,Guaitecas,11203,1599.0,0,0.0,0.0,0.0,0.0,0.0,0.0,0.0,0.0,0.0,0.0,0.0,0.0,0.0,0.0,0.0,0.0,0.0,0.0,0.0,0.0,0.0,0.0,0.0,0.0,0.0,0.0,0.0,0.0,0.0,0.0,0.0,0.0,0.0,0.0,0.0,0.0,0.0,0.0,0.0,0.0,0.0,0.0,0.0,0.0,0.0,0.0,0.0,0.0,0.0,0.0,0.0,1.0,2.0,0.0,0.0,2.0,0.0,3.0,5.0,2.0,1.0,0.0,3.0,0.0,0.0,0.0,0.0,0.0,1.0,0.0,0.0,0.0,0.0,0.0,0.0,0.0,0.0,0.0,0.0,0.0,0.0,0.0,0.0,0.0,1.0,0.0,0.0,0.0,0.0,0.0,0.0,0.0,0.0,0.0,0.0,0.0,0.0,0.0,0.0,0.0,0.0,0.0,0.0
Aysen,11,Lago Verde,11102,920.0,0,0.0,0.0,0.0,0.0,0.0,0.0,0.0,0.0,0.0,0.0,0.0,0.0,0.0,0.0,0.0,0.0,0.0,0.0,0.0,0.0,0.0,0.0,0.0,0.0,0.0,0.0,0.0,0.0,0.0,0.0,0.0,0.0,0.0,0.0,0.0,0.0,0.0,0.0,0.0,0.0,0.0,0.0,0.0,0.0,0.0,0.0,0.0,0.0,0.0,0.0,8.0,0.0,0.0,0.0,1.0,0.0,0.0,0.0,1.0,0.0,2.0,0.0,0.0,0.0,1.0,3.0,1.0,0.0,0.0,0.0,0.0,0.0,0.0,0.0,0.0,0.0,0.0,0.0,0.0,0.0,0.0,0.0,0.0,0.0,0.0,0.0,0.0,0.0,0.0,0.0,1.0,0.0,0.0,0.0,0.0,0.0,0.0,0.0,0.0,0.0,0.0,0.0,0.0
Aysen,11,OHiggins,11302,661.0,0,0.0,0.0,0.0,0.0,0.0,0.0,0.0,0.0,0.0,0.0,0.0,0.0,0.0,0.0,0.0,0.0,0.0,0.0,0.0,0.0,0.0,0.0,0.0,0.0,0.0,0.0,0.0,0.0,0.0,0.0,0.0,0.0,0.0,0.0,0.0,0.0,0.0,0.0,0.0,0.0,0.0,0.0,0.0,0.0,0.0,0.0,0.0,0.0,0.0,0.0,0.0,0.0,0.0,0.0,0.0,0.0,0.0,0.0,0.0,0.0,0.0,0.0,0.0,0.0,0.0,0.0,0.0,0.0,0.0,0.0,0.0,0.0,0.0,0.0,0.0,0.0,0.0,0.0,0.0,0.0,0.0,0.0,0.0,0.0,0.0,0.0,0.0,0.0,0.0,0.0,0.0,0.0,0.0,0.0,0.0,0.0,0.0,0.0,0.0,0.0,0.0,0.0,0.0
Aysen,11,Rio Ibanez,11402,2699.0,0,0.0,0.0,0.0,0.0,0.0,0.0,0.0,0.0,0.0,0.0,0.0,0.0,0.0,0.0,0.0,0.0,0.0,0.0,0.0,0.0,0.0,0.0,0.0,0.0,0.0,0.0,0.0,0.0,0.0,0.0,0.0,0.0,0.0,0.0,0.0,0.0,0.0,0.0,0.0,0.0,0.0,0.0,0.0,0.0,0.0,0.0,0.0,0.0,0.0,1.0,1.0,2.0,0.0,1.0,1.0,2.0,0.0,0.0,1.0,5.0,1.0,0.0,0.0,0.0,1.0,3.0,0.0,2.0,5.0,2.0,2.0,1.0,1.0,0.0,0.0,0.0,0.0,0.0,0.0,0.0,0.0,0.0,0.0,0.0,0.0,1.0,4.0,0.0,0.0,0.0,0.0,0.0,0.0,0.0,0.0,0.0,0.0,0.0,0.0,0.0,0.0,0.0,0.0
Aysen,11,Tortel,11303,572.0,0,0.0,0.0,0.0,0.0,0.0,0.0,0.0,0.0,0.0,0.0,0.0,0.0,0.0,0.0,0.0,0.0,0.0,0.0,0.0,0.0,0.0,0.0,0.0,0.0,0.0,0.0,0.0,0.0,0.0,0.0,0.0,0.0,0.0,0.0,0.0,0.0,0.0,0.0,0.0,0.0,0.0,0.0,0.0,0.0,0.0,0.0,0.0,1.0,0.0,0.0,0.0,0.0,0.0,0.0,0.0,0.0,0.0,0.0,0.0,0.0,0.0,0.0,0.0,0.0,0.0,0.0,1.0,0.0,0.0,0.0,1.0,0.0,0.0,0.0,0.0,0.0,0.0,0.0,0.0,0.0,0.0,0.0,0.0,0.0,0.0,0.0,0.0,0.0,0.0,0.0,0.0,0.0,0.0,0.0,0.0,0.0,0.0,0.0,0.0,0.0,0.0,0.0,0.0
Aysen,11,Desconocido Aysen,,,0,0.0,0.0,0.0,0.0,0.0,0.0,0.0,0.0,0.0,0.0,0.0,0.0,0.0,0.0,0.0,0.0,0.0,0.0,0.0,0.0,0.0,0.0,0.0,0.0,0.0,0.0,0.0,0.0,0.0,0.0,0.0,0.0,0.0,0.0,0.0,0.0,0.0,0.0,0.0,0.0,0.0,0.0,0.0,0.0,0.0,0.0,0.0,0.0,0.0,0.0,0.0,0.0,0.0,0.0,0.0,0.0,0.0,0.0,0.0,0.0,0.0,0.0,0.0,0.0,0.0,0.0,0.0,0.0,0.0,0.0,0.0,0.0,0.0,0.0,0.0,0.0,0.0,0.0,0.0,0.0,0.0,0.0,0.0,0.0,0.0,0.0,0.0,0.0,0.0,0.0,0.0,0.0,0.0,0.0,0.0,0.0,0.0,0.0,0.0,0.0,0.0,0.0,0.0
Aysen,11,Total,,107297.0,0.0,0.0,0.0,0.0,0.0,0.0,0.0,0.0,0.0,0.0,0.0,0.0,0.0,0.0,0.0,0.0,0.0,0.0,0.0,0.0,0.0,0.0,0.0,0.0,0.0,0.0,0.0,0.0,0.0,0.0,0.0,1.0,2.0,5.0,36.0,14.0,15.0,13.0,9.0,3.0,7.0,4.0,6.0,5.0,15.0,21.0,31.0,40.0,75.0,79.0,54.0,41.0,35.0,34.0,33.0,26.0,30.0,34.0,28.0,29.0,47.0,28.0,47.0,53.0,49.0,76.0,112.0,94.0,70.0,106.0,43.0,33.0,25.0,28.0,7.0,3.0,0.0,7.0,10.0,18.0,6.0,4.0,10.0,10.0,6.0,11.0,9.0,14.0,17.0,20.0,33.0,41.0,22.0,0.0,1.0,2.0,0.0,0.0,0.0,0.0,0.0,0.0,0.0,0.0
,,,,,,,,,,,,,,,,,,,,,,,,,,,,,,,,,,,,,,,,,,,,,,,,,,,,,,,,,,,,,,,,,,,,,,,,,,,,,,,,,,,,,,,,,,,,,,,,,,,,,,,,,,,,
Magallanes y la Antartica,12,Antartica,12202,137.0,0,0.0,0.0,0.0,0.0,0.0,0.0,0.0,0.0,0.0,0.0,0.0,0.0,0.0,0.0,0.0,0.0,0.0,0.0,0.0,0.0,0.0,0.0,0.0,0.0,0.0,0.0,0.0,0.0,0.0,0.0,0.0,0.0,0.0,0.0,0.0,0.0,0.0,0.0,0.0,0.0,0.0,0.0,0.0,0.0,0.0,0.0,0.0,0.0,0.0,0.0,0.0,0.0,0.0,0.0,0.0,0.0,0.0,0.0,0.0,0.0,0.0,0.0,0.0,0.0,0.0,0.0,0.0,0.0,0.0,0.0,0.0,0.0,0.0,0.0,0.0,0.0,0.0,0.0,0.0,0.0,0.0,0.0,0.0,0.0,0.0,0.0,0.0,0.0,0.0,0.0,0.0,0.0,0.0,0.0,0.0,0.0,0.0,0.0,0.0,0.0,0.0,0.0,0.0
Magallanes y la Antartica,12,Cabo de Hornos,12201,1983.0,0,0.0,0.0,0.0,0.0,0.0,0.0,0.0,0.0,0.0,0.0,0.0,0.0,0.0,0.0,0.0,0.0,0.0,0.0,0.0,0.0,0.0,0.0,0.0,0.0,0.0,0.0,0.0,0.0,0.0,0.0,0.0,0.0,0.0,0.0,0.0,0.0,0.0,0.0,0.0,0.0,1.0,2.0,1.0,1.0,1.0,1.0,0.0,2.0,1.0,0.0,0.0,0.0,0.0,0.0,0.0,2.0,0.0,0.0,1.0,0.0,3.0,0.0,0.0,0.0,0.0,0.0,0.0,0.0,0.0,0.0,0.0,0.0,0.0,0.0,0.0,0.0,1.0,0.0,0.0,0.0,0.0,0.0,0.0,0.0,0.0,0.0,0.0,0.0,1.0,0.0,0.0,0.0,0.0,0.0,0.0,0.0,0.0,0.0,0.0,0.0,0.0,0.0,0.0
Magallanes y la Antartica,12,Laguna Blanca,12102,264.0,0,0.0,0.0,0.0,0.0,0.0,0.0,0.0,0.0,0.0,0.0,0.0,0.0,0.0,0.0,0.0,0.0,0.0,0.0,0.0,0.0,0.0,0.0,0.0,0.0,0.0,0.0,0.0,0.0,0.0,0.0,0.0,0.0,0.0,0.0,0.0,0.0,0.0,0.0,0.0,0.0,0.0,0.0,0.0,0.0,0.0,0.0,0.0,0.0,0.0,0.0,0.0,0.0,0.0,0.0,0.0,0.0,0.0,0.0,0.0,0.0,0.0,0.0,0.0,0.0,0.0,0.0,0.0,0.0,0.0,0.0,0.0,0.0,0.0,0.0,0.0,0.0,0.0,0.0,0.0,0.0,0.0,0.0,0.0,0.0,0.0,0.0,0.0,0.0,0.0,0.0,0.0,0.0,0.0,0.0,0.0,0.0,0.0,0.0,0.0,0.0,0.0,0.0,0.0
Magallanes y la Antartica,12,Natales,12401,23782.0,0,0.0,0.0,0.0,0.0,0.0,1.0,0.0,0.0,0.0,0.0,0.0,0.0,0.0,1.0,1.0,0.0,0.0,0.0,0.0,0.0,1.0,1.0,0.0,0.0,2.0,2.0,4.0,9.0,23.0,62.0,51.0,87.0,73.0,78.0,58.0,83.0,62.0,46.0,54.0,39.0,23.0,10.0,3.0,11.0,9.0,25.0,18.0,30.0,36.0,23.0,20.0,11.0,19.0,7.0,3.0,5.0,1.0,4.0,4.0,7.0,11.0,16.0,30.0,13.0,27.0,23.0,24.0,11.0,9.0,7.0,5.0,4.0,0.0,1.0,1.0,1.0,2.0,4.0,1.0,1.0,0.0,0.0,1.0,0.0,0.0,0.0,0.0,1.0,1.0,0.0,5.0,1.0,0.0,0.0,0.0,0.0,1.0,0.0,0.0,1.0,0.0,0.0,0.0
Magallanes y la Antartica,12,Porvenir,12301,7323.0,0,0.0,0.0,0.0,0.0,0.0,0.0,0.0,0.0,0.0,0.0,0.0,0.0,0.0,0.0,0.0,1.0,0.0,0.0,0.0,0.0,0.0,0.0,0.0,0.0,0.0,0.0,0.0,0.0,0.0,5.0,7.0,21.0,14.0,15.0,9.0,1.0,4.0,5.0,6.0,1.0,1.0,0.0,2.0,3.0,2.0,6.0,5.0,5.0,1.0,3.0,5.0,5.0,1.0,0.0,0.0,0.0,1.0,3.0,1.0,3.0,3.0,2.0,7.0,7.0,2.0,9.0,5.0,9.0,1.0,5.0,3.0,2.0,0.0,0.0,2.0,1.0,0.0,0.0,0.0,0.0,0.0,0.0,0.0,0.0,0.0,0.0,0.0,0.0,0.0,0.0,0.0,0.0,0.0,0.0,0.0,0.0,0.0,0.0,0.0,0.0,0.0,0.0,0.0
Magallanes y la Antartica,12,Primavera,12302,694.0,0,0.0,0.0,0.0,0.0,0.0,0.0,0.0,0.0,0.0,0.0,0.0,0.0,0.0,0.0,0.0,0.0,0.0,0.0,0.0,0.0,0.0,0.0,0.0,0.0,0.0,0.0,0.0,0.0,0.0,0.0,0.0,0.0,0.0,1.0,0.0,0.0,0.0,0.0,0.0,0.0,0.0,0.0,0.0,0.0,0.0,0.0,0.0,0.0,0.0,0.0,1.0,1.0,1.0,2.0,0.0,0.0,0.0,0.0,0.0,1.0,0.0,0.0,0.0,0.0,0.0,0.0,0.0,0.0,0.0,0.0,0.0,0.0,0.0,0.0,0.0,0.0,0.0,0.0,0.0,0.0,0.0,0.0,0.0,0.0,0.0,0.0,0.0,0.0,0.0,0.0,0.0,0.0,0.0,0.0,0.0,0.0,0.0,0.0,0.0,0.0,0.0,0.0,0.0
Magallanes y la Antartica,12,Punta Arenas,12101,141984.0,0,0.0,0.0,0.0,0.0,0.0,0.0,1.0,1.0,0.0,0.0,0.0,0.0,1.0,0.0,0.0,0.0,0.0,0.0,0.0,2.0,2.0,1.0,0.0,0.0,1.0,3.0,8.0,22.0,17.0,7.0,15.0,16.0,20.0,36.0,35.0,55.0,54.0,46.0,39.0,27.0,13.0,30.0,23.0,12.0,20.0,37.0,33.0,26.0,47.0,59.0,58.0,49.0,58.0,21.0,50.0,36.0,29.0,36.0,46.0,68.0,71.0,86.0,67.0,60.0,71.0,60.0,47.0,27.0,38.0,24.0,19.0,23.0,14.0,2.0,6.0,2.0,8.0,15.0,21.0,2.0,0.0,1.0,0.0,2.0,3.0,0.0,2.0,5.0,1.0,9.0,15.0,7.0,0.0,0.0,0.0,2.0,1.0,0.0,0.0,0.0,0.0,0.0,0.0
Magallanes y la Antartica,12,Rio Verde,12103,211.0,0,0.0,0.0,0.0,0.0,0.0,0.0,0.0,0.0,0.0,0.0,0.0,0.0,0.0,0.0,0.0,0.0,0.0,0.0,0.0,0.0,0.0,0.0,0.0,0.0,0.0,0.0,0.0,0.0,0.0,0.0,0.0,0.0,0.0,0.0,0.0,0.0,0.0,0.0,0.0,0.0,0.0,0.0,0.0,0.0,0.0,0.0,1.0,0.0,0.0,0.0,0.0,0.0,0.0,0.0,0.0,0.0,0.0,0.0,0.0,0.0,0.0,0.0,0.0,0.0,0.0,0.0,0.0,0.0,0.0,0.0,0.0,0.0,0.0,0.0,0.0,0.0,0.0,0.0,0.0,0.0,0.0,0.0,0.0,0.0,0.0,0.0,0.0,0.0,1.0,0.0,0.0,0.0,0.0,0.0,0.0,0.0,0.0,0.0,0.0,0.0,0.0,0.0,0.0
Magallanes y la Antartica,12,San Gregorio,12104,681.0,0,0.0,0.0,0.0,0.0,0.0,0.0,0.0,0.0,0.0,0.0,0.0,0.0,0.0,0.0,0.0,0.0,0.0,0.0,0.0,0.0,0.0,0.0,0.0,0.0,0.0,0.0,0.0,0.0,0.0,0.0,0.0,0.0,0.0,0.0,0.0,0.0,0.0,0.0,0.0,0.0,0.0,0.0,0.0,0.0,0.0,1.0,0.0,0.0,0.0,0.0,0.0,0.0,0.0,0.0,0.0,0.0,0.0,0.0,0.0,1.0,0.0,0.0,0.0,0.0,0.0,0.0,0.0,0.0,0.0,0.0,0.0,0.0,1.0,0.0,0.0,0.0,0.0,0.0,0.0,0.0,0.0,0.0,0.0,0.0,0.0,0.0,0.0,0.0,0.0,0.0,0.0,0.0,0.0,0.0,0.0,0.0,0.0,0.0,0.0,0.0,0.0,0.0,0.0
Magallanes y la Antartica,12,Timaukel,12303,282.0,0,0.0,0.0,0.0,0.0,0.0,0.0,0.0,0.0,0.0,0.0,0.0,0.0,0.0,0.0,0.0,0.0,0.0,0.0,0.0,0.0,0.0,0.0,0.0,0.0,0.0,0.0,0.0,0.0,0.0,0.0,0.0,0.0,0.0,0.0,0.0,0.0,0.0,0.0,0.0,0.0,0.0,0.0,0.0,0.0,0.0,0.0,0.0,0.0,0.0,0.0,0.0,0.0,2.0,0.0,0.0,0.0,0.0,0.0,0.0,0.0,0.0,0.0,0.0,1.0,0.0,0.0,0.0,0.0,0.0,0.0,0.0,0.0,0.0,0.0,0.0,0.0,0.0,0.0,0.0,0.0,0.0,0.0,0.0,0.0,0.0,0.0,0.0,0.0,0.0,0.0,0.0,0.0,0.0,0.0,0.0,0.0,0.0,0.0,0.0,0.0,0.0,0.0,0.0
Magallanes y la Antartica,12,Torres del Paine,12402,1021.0,0,0.0,0.0,0.0,0.0,0.0,0.0,0.0,0.0,0.0,0.0,0.0,0.0,0.0,0.0,0.0,0.0,0.0,0.0,0.0,0.0,0.0,0.0,0.0,0.0,0.0,0.0,0.0,0.0,0.0,0.0,0.0,0.0,0.0,0.0,0.0,0.0,0.0,0.0,0.0,0.0,0.0,0.0,0.0,0.0,0.0,0.0,0.0,0.0,0.0,0.0,0.0,0.0,0.0,0.0,0.0,0.0,0.0,0.0,0.0,0.0,0.0,0.0,0.0,0.0,0.0,0.0,0.0,0.0,0.0,0.0,0.0,0.0,0.0,0.0,0.0,0.0,0.0,1.0,0.0,0.0,0.0,0.0,0.0,0.0,0.0,0.0,0.0,0.0,0.0,0.0,0.0,0.0,0.0,0.0,0.0,0.0,0.0,0.0,0.0,0.0,0.0,0.0,0.0
Magallanes y la Antartica,12,Desconocido Magallanes,,,0,0.0,0.0,0.0,0.0,0.0,0.0,0.0,0.0,0.0,0.0,0.0,0.0,0.0,0.0,0.0,0.0,0.0,0.0,0.0,0.0,0.0,0.0,0.0,0.0,0.0,0.0,0.0,0.0,0.0,0.0,0.0,0.0,0.0,0.0,0.0,0.0,0.0,0.0,0.0,0.0,0.0,0.0,0.0,0.0,0.0,0.0,0.0,0.0,0.0,0.0,0.0,0.0,0.0,0.0,0.0,0.0,0.0,0.0,0.0,0.0,0.0,0.0,0.0,0.0,0.0,0.0,0.0,0.0,0.0,0.0,0.0,0.0,0.0,0.0,0.0,0.0,0.0,0.0,0.0,0.0,0.0,0.0,0.0,0.0,0.0,0.0,0.0,0.0,0.0,0.0,0.0,0.0,0.0,0.0,0.0,0.0,0.0,0.0,0.0,0.0,0.0,0.0,0.0
Magallanes y la Antartica,12,Total,,178362.0,0.0,0.0,0.0,0.0,0.0,0.0,1.0,1.0,1.0,0.0,0.0,0.0,0.0,1.0,1.0,1.0,1.0,0.0,0.0,0.0,2.0,3.0,2.0,0.0,0.0,3.0,5.0,12.0,31.0,40.0,74.0,73.0,124.0,107.0,130.0,102.0,139.0,120.0,97.0,99.0,67.0,38.0,42.0,29.0,27.0,32.0,70.0,57.0,63.0,85.0,85.0,84.0,66.0,81.0,30.0,53.0,43.0,31.0,43.0,52.0,80.0,88.0,104.0,104.0,81.0,100.0,92.0,76.0,47.0,48.0,36.0,27.0,29.0,15.0,3.0,9.0,4.0,11.0,20.0,22.0,3.0,0.0,1.0,1.0,2.0,3.0,0.0,2.0,6.0,4.0,9.0,20.0,8.0,0.0,0.0,0.0,2.0,2.0,0.0,0.0,1.0,0.0,0.0,0.0
